0:source: FIND_CLUSTER_DATA_THAT_HAVE_INDEX_EQUALS_1:42, stream: default, id: {}, [1, 09sgv , [0.0, 0.0, 0.0, 0.0, 0.0, 0.0, 1.0, 0.0, 0.0, 0.0, 0.0, 0.0, 0.0, 0.0, 0.0, 0.0, 0.0, 1.0, 0.0, 0.0, 0.0, 0.0, 1.0, 1.0, 1.0, 0.0, 0.0, 0.0, 0.0, 0.0]]
1:source: FIND_CLUSTER_DATA_THAT_HAVE_INDEX_EQUALS_1:38, stream: default, id: {}, [1, Ahogado , [0.0, 0.0, 0.0, 0.0, 0.0, 0.0, 1.0, 0.0, 0.0, 0.0, 0.0, 0.0, 0.0, 0.0, 0.0, 0.0, 0.0, 1.0, 0.0, 0.0, 0.0, 0.0, 1.0, 1.0, 1.0, 0.0, 0.0, 0.0, 0.0, 0.0]]
2:source: FIND_CLUSTER_DATA_THAT_HAVE_INDEX_EQUALS_1:50, stream: default, id: {}, [1, ase_Shiun , [0.0, 0.0, 0.0, 0.0, 0.0, 0.0, 1.0, 0.0, 0.0, 0.0, 0.0, 0.0, 0.0, 0.0, 0.0, 0.0, 0.0, 1.0, 0.0, 0.0, 0.0, 0.0, 1.0, 1.0, 1.0, 0.0, 0.0, 0.0, 0.0, 0.0]]
3:source: FIND_CLUSTER_DATA_THAT_HAVE_INDEX_EQUALS_1:37, stream: default, id: {}, [1, shensemble , [0.0, 0.0, 0.0, 0.0, 0.0, 0.0, 1.0, 0.0, 0.0, 0.0, 0.0, 0.0, 0.0, 0.0, 0.0, 0.0, 0.0, 1.0, 0.0, 0.0, 0.0, 0.0, 1.0, 1.0, 1.0, 0.0, 0.0, 0.0, 0.0, 0.0]]
4:source: FIND_CLUSTER_DATA_THAT_HAVE_INDEX_EQUALS_1:42, stream: default, id: {}, [1, urakcan , [1.0, 0.0, 0.0, 0.0, 0.0, 1.0, 0.0, 0.0, 1.0, 1.0, 0.0, 0.0, 0.0, 0.0, 0.0, 0.0, 0.0, 1.0, 0.0, 0.0, 0.0, 0.0, 1.0, 0.0, 0.0, 0.0, -0.6931471805599453, 0.0, 0.0, 0.0]]
5:source: FIND_CLUSTER_DATA_THAT_HAVE_INDEX_EQUALS_1:39, stream: default, id: {}, [1, helol , [0.0, 0.0, 0.0, 1.0, 0.0, 0.0, 1.0, 0.0, 1.0, 1.0, 0.0, 0.0, 0.0, 0.0, 0.0, 0.0, 0.0, 1.0, 0.0, 0.0, 0.0, 0.0, 2.0, 1.0, 0.525, 0.0, -0.6931471805599453, 0.0, 0.0, 0.0]]
6:source: FIND_CLUSTER_DATA_THAT_HAVE_INDEX_EQUALS_1:50, stream: default, id: {}, [1, MaznizamAdha , [0.0, 0.0, 0.0, 0.0, 0.0, 1.0, 0.0, 0.0, 1.0, 1.0, 0.0, 0.0, 0.0, 0.0, 0.0, 0.0, 0.0, 1.0, 0.0, 0.0, 0.0, 0.0, 1.0, 0.0, 0.0, 0.0, -0.6931471805599453, 0.0, 0.0, 0.0]]
7:source: FIND_CLUSTER_DATA_THAT_HAVE_INDEX_EQUALS_1:40, stream: default, id: {}, [1, s__n , [0.0, 0.0, 0.0, 0.0, 0.0, 0.0, 1.0, 0.0, 0.0, 0.0, 0.0, 0.0, 0.0, 0.0, 0.0, 0.0, 0.0, 1.0, 0.0, 0.0, 0.0, 0.0, 1.0, 1.0, 1.0, 0.0, 0.0, 0.0, 0.0, 0.0]]
8:source: FIND_CLUSTER_DATA_THAT_HAVE_INDEX_EQUALS_1:39, stream: default, id: {}, [1, later , [0.0, 0.0, 0.0, 0.0, 0.0, 1.0, 0.0, 0.0, 1.0, 1.0, 0.0, 0.0, 0.0, 0.0, 0.0, 0.0, 0.0, 1.0, 0.0, 0.0, 0.0, 0.0, 1.0, 0.0, 0.0, 0.0, -0.6931471805599453, 0.0, 0.0, 0.0]]
9:source: FIND_CLUSTER_DATA_THAT_HAVE_INDEX_EQUALS_1:45, stream: default, id: {}, [1, ojulacixy , [0.0, 0.0, 0.0, 0.0, 0.0, 0.0, 1.0, 0.0, 0.0, 0.0, 0.0, 0.0, 0.0, 0.0, 0.0, 0.0, 0.0, 1.0, 0.0, 0.0, 0.0, 0.0, 1.0, 1.0, 1.0, 0.0, 0.0, 0.0, 0.0, 0.0]]
10:source: FIND_CLUSTER_DATA_THAT_HAVE_INDEX_EQUALS_1:39, stream: default, id: {}, [1, reguivatto , [0.0, 0.0, 0.0, 0.0, 0.0, 0.0, 1.0, 0.0, 0.0, 0.0, 0.0, 0.0, 0.0, 0.0, 0.0, 0.0, 0.0, 1.0, 0.0, 0.0, 0.0, 0.0, 1.0, 1.0, 1.0, 0.0, 0.0, 0.0, 0.0, 0.0]]
11:source: FIND_CLUSTER_DATA_THAT_HAVE_INDEX_EQUALS_1:36, stream: default, id: {}, [1, eepon , [0.0, 0.0, 0.0, 0.0, 0.0, 1.0, 0.0, 0.0, 1.0, 1.0, 0.0, 0.0, 0.0, 0.0, 0.0, 0.0, 0.0, 1.0, 0.0, 0.0, 0.0, 0.0, 1.0, 0.0, 0.0, 0.0, -0.6931471805599453, 0.0, 0.0, 0.0]]
12:source: FIND_CLUSTER_DATA_THAT_HAVE_INDEX_EQUALS_1:38, stream: default, id: {}, [1, zJauregui1 , [0.0, 0.0, 0.0, 0.0, 0.0, 1.0, 0.0, 0.0, 2.0, 2.0, 0.0, 0.0, 0.0, 0.0, 0.0, 0.0, 0.0, 1.0, 0.0, 0.0, 0.0, 0.0, 1.0, 0.0, 0.0, 0.0, -2.1972245773362196, 0.0, 0.0, 0.0]]
13:source: FIND_CLUSTER_DATA_THAT_HAVE_INDEX_EQUALS_1:43, stream: default, id: {}, [1, iiUrrego , [1.0, 0.0, 1.0, 0.0, 0.0, 1.0, 0.0, 0.0, 1.0, 1.0, 0.0, 0.0, 0.0, 0.0, 0.0, 0.0, 0.0, 1.0, 0.0, 0.0, 0.0, 0.0, 1.0, 0.0, 0.0, 0.0, -0.6931471805599453, 0.0, 0.0, 0.0]]
14:source: FIND_CLUSTER_DATA_THAT_HAVE_INDEX_EQUALS_1:41, stream: default, id: {}, [1, mpreud49 , [0.0, 0.0, 0.0, 0.0, 0.0, 0.0, 1.0, 0.0, 0.0, 0.0, 0.0, 0.0, 0.0, 0.0, 0.0, 0.0, 0.0, 1.0, 0.0, 0.0, 0.0, 0.0, 1.0, 1.0, 1.0, 0.0, 0.0, 0.0, 0.0, 0.0]]
15:source: FIND_CLUSTER_DATA_THAT_HAVE_INDEX_EQUALS_1:37, stream: default, id: {}, [1, r2Real , [0.0, 0.0, 0.0, 0.0, 0.0, 0.0, 1.0, 0.0, 0.0, 0.0, 0.0, 0.0, 0.0, 0.0, 0.0, 0.0, 0.0, 1.0, 0.0, 0.0, 0.0, 0.0, 1.0, 1.0, 1.0, 0.0, 0.0, 0.0, 0.0, 0.0]]
16:source: FIND_CLUSTER_DATA_THAT_HAVE_INDEX_EQUALS_1:43, stream: default, id: {}, [1, some5sauce , [0.0, 0.0, 2.0, 0.0, 0.0, 0.0, 1.0, 0.0, 0.0, 0.0, 0.0, 0.0, 0.0, 0.0, 0.0, 0.0, 0.0, 1.0, 0.0, 0.0, 0.0, 0.0, 1.0, 1.0, 1.0, 0.0, 0.0, 0.0, 0.0, 0.0]]
17:source: FIND_CLUSTER_DATA_THAT_HAVE_INDEX_EQUALS_1:49, stream: default, id: {}, [1, rr420 , [0.0, 0.0, 0.0, 0.0, 0.0, 0.0, 1.0, 0.0, 0.0, 0.0, 0.0, 0.0, 0.0, 0.0, 0.0, 0.0, 0.0, 1.0, 0.0, 0.0, 0.0, 0.0, 1.0, 1.0, 1.0, 0.0, 0.0, 0.0, 0.0, 0.0]]
18:source: FIND_CLUSTER_DATA_THAT_HAVE_INDEX_EQUALS_1:40, stream: default, id: {}, [1, ebujd81 , [1.0, 0.0, 0.0, 1.0, 0.0, 0.0, 1.0, 0.0, 1.0, 1.0, 0.0, 0.0, 0.0, 0.0, 0.0, 0.0, 0.0, 1.0, 0.0, 0.0, 0.0, 0.0, 2.0, 1.0, 0.525, 0.0, -0.6931471805599453, 0.0, 0.0, 0.0]]
19:source: FIND_CLUSTER_DATA_THAT_HAVE_INDEX_EQUALS_1:48, stream: default, id: {}, [1, n_p26 , [0.0, 0.0, 0.0, 0.0, 0.0, 0.0, 1.0, 0.0, 0.0, 0.0, 0.0, 0.0, 0.0, 0.0, 0.0, 0.0, 0.0, 1.0, 0.0, 0.0, 0.0, 0.0, 1.0, 1.0, 1.0, 0.0, 0.0, 0.0, 0.0, 0.0]]
20:source: FIND_CLUSTER_DATA_THAT_HAVE_INDEX_EQUALS_1:38, stream: default, id: {}, [1, edapudo26223 , [0.0, 0.0, 0.0, 0.0, 0.0, 0.0, 1.0, 0.0, 0.0, 0.0, 0.0, 0.0, 0.0, 0.0, 0.0, 0.0, 0.0, 1.0, 0.0, 0.0, 0.0, 0.0, 1.0, 1.0, 1.0, 0.0, 0.0, 0.0, 0.0, 0.0]]
21:source: FIND_CLUSTER_DATA_THAT_HAVE_INDEX_EQUALS_1:40, stream: default, id: {}, [1, mh , [0.0, 0.0, 0.0, 1.0, 0.0, 0.0, 1.0, 0.0, 1.0, 1.0, 0.0, 0.0, 0.0, 0.0, 0.0, 0.0, 0.0, 1.0, 0.0, 0.0, 0.0, 0.0, 2.0, 1.0, 0.525, 0.0, -0.6931471805599453, 0.0, 0.0, 0.0]]
22:source: FIND_CLUSTER_DATA_THAT_HAVE_INDEX_EQUALS_1:35, stream: default, id: {}, [1, u_Herrera_R , [2.0, 0.0, 1.0, 0.0, 0.0, 1.0, 0.0, 0.0, 1.0, 1.0, 0.0, 0.0, 0.0, 0.0, 0.0, 0.0, 0.0, 1.0, 0.0, 0.0, 0.0, 0.0, 1.0, 0.0, 0.0, 0.0, -0.6931471805599453, 0.0, 0.0, 0.0]]
23:source: FIND_CLUSTER_DATA_THAT_HAVE_INDEX_EQUALS_1:41, stream: default, id: {}, [1, aibola , [0.0, 0.0, 0.0, 0.0, 0.0, 1.0, 0.0, 0.0, 2.0, 2.0, 0.0, 0.0, 0.0, 0.0, 0.0, 0.0, 0.0, 1.0, 0.0, 0.0, 0.0, 0.0, 1.0, 0.0, 0.0, 0.0, -2.1972245773362196, 0.0, 0.0, 0.0]]
24:source: FIND_CLUSTER_DATA_THAT_HAVE_INDEX_EQUALS_1:44, stream: default, id: {}, [1, ersonAudrey2 , [0.0, 0.0, 0.0, 0.0, 0.0, 0.0, 1.0, 0.0, 0.0, 0.0, 0.0, 0.0, 0.0, 0.0, 0.0, 0.0, 0.0, 1.0, 0.0, 0.0, 0.0, 0.0, 1.0, 1.0, 1.0, 0.0, 0.0, 0.0, 0.0, 0.0]]
25:source: FIND_CLUSTER_DATA_THAT_HAVE_INDEX_EQUALS_1:47, stream: default, id: {}, [1, gjeoxagaqu , [1.0, 0.0, 0.0, 0.0, 0.0, 1.0, 0.0, 0.0, 1.0, 1.0, 0.0, 0.0, 0.0, 0.0, 0.0, 0.0, 0.0, 1.0, 0.0, 0.0, 0.0, 0.0, 1.0, 0.0, 0.0, 0.0, -0.6931471805599453, 0.0, 0.0, 0.0]]
26:source: FIND_CLUSTER_DATA_THAT_HAVE_INDEX_EQUALS_1:36, stream: default, id: {}, [1, being , [1.0, 0.0, 0.0, 0.0, 0.0, 1.0, 0.0, 0.0, 4.0, 4.0, 0.0, 0.0, 0.0, 0.0, 0.0, 0.0, 0.0, 1.0, 0.0, 0.0, 0.0, 0.0, 1.0, 0.0, 0.0, 0.0, -6.437751649736401, 0.0, 0.0, 0.0]]
27:source: FIND_CLUSTER_DATA_THAT_HAVE_INDEX_EQUALS_1:41, stream: default, id: {}, [1, zeLotto69718 , [0.0, 0.0, 0.0, 0.0, 0.0, 0.0, 1.0, 0.0, 1.0, 1.0, 0.0, 0.0, 0.0, 0.0, 0.0, 0.0, 0.0, 1.0, 0.0, 0.0, 0.0, 0.0, 1.0, 1.0, 1.0, 0.0, -0.6931471805599453, 0.0, 0.0, 0.0]]
28:source: FIND_CLUSTER_DATA_THAT_HAVE_INDEX_EQUALS_1:45, stream: default, id: {}, [1, yvasudhara , [0.0, 0.0, 0.0, 0.0, 0.0, 0.0, 1.0, 0.0, 0.0, 0.0, 0.0, 0.0, 0.0, 0.0, 0.0, 0.0, 0.0, 1.0, 0.0, 0.0, 0.0, 0.0, 1.0, 1.0, 1.0, 0.0, 0.0, 0.0, 0.0, 0.0]]
29:source: FIND_CLUSTER_DATA_THAT_HAVE_INDEX_EQUALS_1:36, stream: default, id: {}, [1, ici_bolada , [0.0, 0.0, 0.0, 0.0, 0.0, 0.0, 1.0, 0.0, 0.0, 0.0, 0.0, 0.0, 0.0, 0.0, 0.0, 0.0, 0.0, 1.0, 0.0, 0.0, 0.0, 0.0, 1.0, 1.0, 1.0, 0.0, 0.0, 0.0, 0.0, 0.0]]
30:source: FIND_CLUSTER_DATA_THAT_HAVE_INDEX_EQUALS_1:42, stream: default, id: {}, [1, ouescrava , [0.0, 0.0, 2.0, 0.0, 0.0, 0.0, 1.0, 0.0, 0.0, 0.0, 0.0, 0.0, 0.0, 0.0, 0.0, 0.0, 0.0, 1.0, 0.0, 0.0, 0.0, 0.0, 1.0, 1.0, 1.0, 0.0, 0.0, 0.0, 0.0, 0.0]]
31:source: FIND_CLUSTER_DATA_THAT_HAVE_INDEX_EQUALS_1:44, stream: default, id: {}, [1, zabethBotwe , [0.0, 0.0, 0.0, 0.0, 0.0, 1.0, 0.0, 0.0, 1.0, 1.0, 0.0, 0.0, 0.0, 0.0, 0.0, 0.0, 0.0, 1.0, 0.0, 0.0, 0.0, 0.0, 1.0, 0.0, 0.0, 0.0, -0.6931471805599453, 0.0, 0.0, 0.0]]
32:source: FIND_CLUSTER_DATA_THAT_HAVE_INDEX_EQUALS_1:49, stream: default, id: {}, [1, ensia , [0.0, 0.0, 0.0, 0.0, 0.0, 0.0, 1.0, 0.0, 0.0, 0.0, 0.0, 0.0, 0.0, 0.0, 0.0, 0.0, 0.0, 1.0, 0.0, 0.0, 0.0, 0.0, 1.0, 1.0, 1.0, 0.0, 0.0, 0.0, 0.0, 0.0]]
33:source: FIND_CLUSTER_DATA_THAT_HAVE_INDEX_EQUALS_1:40, stream: default, id: {}, [1, uuni , [0.0, 0.0, 0.0, 1.0, 0.0, 0.0, 1.0, 0.0, 1.0, 1.0, 0.0, 0.0, 0.0, 0.0, 0.0, 0.0, 0.0, 1.0, 0.0, 0.0, 0.0, 0.0, 2.0, 1.0, 0.525, 0.0, -0.6931471805599453, 0.0, 0.0, 0.0]]
34:source: FIND_CLUSTER_DATA_THAT_HAVE_INDEX_EQUALS_1:49, stream: default, id: {}, [1, Celia , [0.0, 0.0, 0.0, 0.0, 0.0, 1.0, 0.0, 0.0, 1.0, 1.0, 0.0, 0.0, 0.0, 0.0, 0.0, 0.0, 0.0, 1.0, 0.0, 0.0, 0.0, 0.0, 1.0, 0.0, 0.0, 0.0, -0.6931471805599453, 0.0, 0.0, 0.0]]
35:source: FIND_CLUSTER_DATA_THAT_HAVE_INDEX_EQUALS_1:42, stream: default, id: {}, [1, sex_ , [0.0, 0.0, 2.0, 0.0, 0.0, 0.0, 1.0, 0.0, 0.0, 0.0, 0.0, 0.0, 0.0, 0.0, 0.0, 0.0, 0.0, 1.0, 0.0, 0.0, 0.0, 0.0, 1.0, 1.0, 1.0, 0.0, 0.0, 0.0, 0.0, 0.0]]
36:source: FIND_CLUSTER_DATA_THAT_HAVE_INDEX_EQUALS_1:46, stream: default, id: {}, [1, seras14 , [0.0, 0.0, 0.0, 0.0, 0.0, 0.0, 1.0, 0.0, 0.0, 0.0, 0.0, 0.0, 0.0, 0.0, 0.0, 0.0, 0.0, 1.0, 0.0, 0.0, 0.0, 0.0, 1.0, 1.0, 1.0, 0.0, 0.0, 0.0, 0.0, 0.0]]
37:source: FIND_CLUSTER_DATA_THAT_HAVE_INDEX_EQUALS_1:35, stream: default, id: {}, [1, nnsanchezz , [0.0, 0.0, 0.0, 0.0, 0.0, 0.0, 1.0, 0.0, 0.0, 0.0, 0.0, 0.0, 0.0, 0.0, 0.0, 0.0, 0.0, 1.0, 0.0, 0.0, 0.0, 0.0, 1.0, 1.0, 1.0, 0.0, 0.0, 0.0, 0.0, 0.0]]
38:source: FIND_CLUSTER_DATA_THAT_HAVE_INDEX_EQUALS_1:42, stream: default, id: {}, [1, niJoi , [0.0, 0.0, 0.0, 1.0, 0.0, 0.0, 1.0, 0.0, 1.0, 1.0, 0.0, 0.0, 0.0, 0.0, 0.0, 0.0, 0.0, 1.0, 0.0, 0.0, 0.0, 0.0, 2.0, 1.0, 0.525, 0.0, -0.6931471805599453, 0.0, 0.0, 0.0]]
39:source: FIND_CLUSTER_DATA_THAT_HAVE_INDEX_EQUALS_1:35, stream: default, id: {}, [1, ce_hk , [1.0, 0.0, 0.0, 0.0, 0.0, 1.0, 0.0, 0.0, 1.0, 1.0, 0.0, 0.0, 0.0, 0.0, 0.0, 0.0, 0.0, 1.0, 0.0, 0.0, 0.0, 0.0, 1.0, 0.0, 0.0, 0.0, -0.6931471805599453, 0.0, 0.0, 0.0]]
40:source: FIND_CLUSTER_DATA_THAT_HAVE_INDEX_EQUALS_1:39, stream: default, id: {}, [1, abelafonseca , [1.0, 0.0, 0.0, 0.0, 0.0, 1.0, 0.0, 0.0, 1.0, 1.0, 0.0, 0.0, 0.0, 0.0, 0.0, 0.0, 0.0, 1.0, 0.0, 0.0, 0.0, 0.0, 1.0, 0.0, 0.0, 0.0, -0.6931471805599453, 0.0, 0.0, 0.0]]
41:source: FIND_CLUSTER_DATA_THAT_HAVE_INDEX_EQUALS_1:39, stream: default, id: {}, [1, skupreshche1 , [1.0, 0.0, 0.0, 0.0, 0.0, 1.0, 0.0, 0.0, 1.0, 1.0, 0.0, 0.0, 0.0, 0.0, 0.0, 0.0, 0.0, 1.0, 0.0, 0.0, 0.0, 0.0, 1.0, 0.0, 0.0, 0.0, -0.6931471805599453, 0.0, 0.0, 0.0]]
42:source: FIND_CLUSTER_DATA_THAT_HAVE_INDEX_EQUALS_1:47, stream: default, id: {}, [1, psgii , [0.0, 0.0, 0.0, 0.0, 0.0, 0.0, 1.0, 0.0, 0.0, 0.0, 0.0, 0.0, 0.0, 0.0, 0.0, 0.0, 0.0, 1.0, 0.0, 0.0, 0.0, 0.0, 1.0, 1.0, 1.0, 0.0, 0.0, 0.0, 0.0, 0.0]]
43:source: FIND_CLUSTER_DATA_THAT_HAVE_INDEX_EQUALS_1:37, stream: default, id: {}, [1, llionareMind , [0.0, 0.0, 0.0, 0.0, 0.0, 0.0, 1.0, 0.0, 1.0, 1.0, 0.0, 0.0, 0.0, 0.0, 0.0, 0.0, 0.0, 1.0, 0.0, 0.0, 0.0, 0.0, 1.0, 1.0, 1.0, 0.0, -0.6931471805599453, 0.0, 0.0, 0.0]]
44:source: FIND_CLUSTER_DATA_THAT_HAVE_INDEX_EQUALS_1:36, stream: default, id: {}, [1, o_MK34 , [0.0, 0.0, 2.0, 1.0, 0.0, 0.0, 1.0, 0.0, 1.0, 1.0, 0.0, 0.0, 0.0, 0.0, 0.0, 0.0, 0.0, 1.0, 0.0, 0.0, 0.0, 0.0, 2.0, 1.0, 0.525, 0.0, -0.6931471805599453, 0.0, 0.0, 0.0]]
45:source: FIND_CLUSTER_DATA_THAT_HAVE_INDEX_EQUALS_1:35, stream: default, id: {}, [1, hAja , [0.0, 0.0, 0.0, 1.0, 0.0, 0.0, 1.0, 0.0, 1.0, 1.0, 0.0, 0.0, 0.0, 0.0, 0.0, 0.0, 0.0, 1.0, 0.0, 0.0, 0.0, 0.0, 2.0, 1.0, 0.525, 0.0, -0.6931471805599453, 0.0, 0.0, 0.0]]
46:source: FIND_CLUSTER_DATA_THAT_HAVE_INDEX_EQUALS_1:46, stream: default, id: {}, [1, len_araceli , [0.0, 0.0, 0.0, 0.0, 0.0, 1.0, 0.0, 0.0, 1.0, 1.0, 0.0, 0.0, 0.0, 0.0, 0.0, 0.0, 0.0, 1.0, 0.0, 0.0, 0.0, 0.0, 1.0, 0.0, 0.0, 0.0, -0.6931471805599453, 0.0, 0.0, 0.0]]
47:source: FIND_CLUSTER_DATA_THAT_HAVE_INDEX_EQUALS_1:45, stream: default, id: {}, [1, rld550 , [1.0, 0.0, 0.0, 0.0, 0.0, 1.0, 0.0, 0.0, 1.0, 1.0, 0.0, 0.0, 0.0, 0.0, 0.0, 0.0, 0.0, 1.0, 0.0, 0.0, 0.0, 0.0, 1.0, 0.0, 0.0, 0.0, -0.6931471805599453, 0.0, 0.0, 0.0]]
48:source: FIND_CLUSTER_DATA_THAT_HAVE_INDEX_EQUALS_1:41, stream: default, id: {}, [1, Tan_Horan , [0.0, 0.0, 0.0, 0.0, 0.0, 0.0, 1.0, 0.0, 1.0, 1.0, 0.0, 0.0, 0.0, 0.0, 0.0, 0.0, 0.0, 1.0, 0.0, 0.0, 0.0, 0.0, 1.0, 1.0, 1.0, 0.0, -0.6931471805599453, 0.0, 0.0, 0.0]]
49:source: FIND_CLUSTER_DATA_THAT_HAVE_INDEX_EQUALS_1:42, stream: default, id: {}, [1, kinMadeline , [0.0, 0.0, 0.0, 0.0, 0.0, 0.0, 1.0, 0.0, 0.0, 0.0, 0.0, 0.0, 0.0, 0.0, 0.0, 0.0, 0.0, 1.0, 0.0, 0.0, 0.0, 0.0, 1.0, 1.0, 1.0, 0.0, 0.0, 0.0, 0.0, 0.0]]
50:source: FIND_CLUSTER_DATA_THAT_HAVE_INDEX_EQUALS_1:36, stream: default, id: {}, [1, ksanttos17 , [0.0, 0.0, 0.0, 1.0, 0.0, 0.0, 1.0, 0.0, 3.0, 3.0, 0.0, 0.0, 0.0, 0.0, 0.0, 0.0, 0.0, 1.0, 0.0, 0.0, 0.0, 0.0, 2.0, 1.0, 0.525, 0.0, -4.1588830833596715, 0.0, 0.0, 0.0]]
51:source: FIND_CLUSTER_DATA_THAT_HAVE_INDEX_EQUALS_1:41, stream: default, id: {}, [1, u_1001 , [0.0, 0.0, 0.0, 1.0, 0.0, 0.0, 1.0, 0.0, 2.0, 2.0, 0.0, 0.0, 0.0, 0.0, 0.0, 0.0, 0.0, 1.0, 0.0, 0.0, 0.0, 0.0, 2.0, 1.0, 0.525, 0.0, -2.1972245773362196, 0.0, 0.0, 0.0]]
52:source: FIND_CLUSTER_DATA_THAT_HAVE_INDEX_EQUALS_1:36, stream: default, id: {}, [1, selouiswalls , [0.0, 0.0, 0.0, 0.0, 0.0, 0.0, 1.0, 0.0, 0.0, 0.0, 0.0, 0.0, 0.0, 0.0, 0.0, 0.0, 0.0, 1.0, 0.0, 0.0, 0.0, 0.0, 1.0, 1.0, 1.0, 0.0, 0.0, 0.0, 0.0, 0.0]]
53:source: FIND_CLUSTER_DATA_THAT_HAVE_INDEX_EQUALS_1:49, stream: default, id: {}, [1, londMarta , [0.0, 0.0, 0.0, 0.0, 0.0, 0.0, 1.0, 0.0, 0.0, 0.0, 0.0, 0.0, 0.0, 0.0, 0.0, 0.0, 0.0, 1.0, 0.0, 0.0, 0.0, 0.0, 1.0, 1.0, 1.0, 0.0, 0.0, 0.0, 0.0, 0.0]]
54:source: FIND_CLUSTER_DATA_THAT_HAVE_INDEX_EQUALS_1:37, stream: default, id: {}, [1, ztxv6 , [0.0, 0.0, 0.0, 0.0, 0.0, 0.0, 1.0, 0.0, 0.0, 0.0, 0.0, 0.0, 0.0, 0.0, 0.0, 0.0, 0.0, 1.0, 0.0, 0.0, 0.0, 0.0, 1.0, 1.0, 1.0, 0.0, 0.0, 0.0, 0.0, 0.0]]
55:source: FIND_CLUSTER_DATA_THAT_HAVE_INDEX_EQUALS_1:42, stream: default, id: {}, [1, aya , [1.0, 0.0, 4.0, 0.0, 0.0, 0.0, 1.0, 0.0, 1.0, 1.0, 0.0, 0.0, 0.0, 0.0, 0.0, 0.0, 0.0, 1.0, 0.0, 0.0, 0.0, 0.0, 1.0, 1.0, 1.0, 0.0, -0.6931471805599453, 0.0, 0.0, 0.0]]
56:source: FIND_CLUSTER_DATA_THAT_HAVE_INDEX_EQUALS_1:36, stream: default, id: {}, [1, y503Maeda , [0.0, 0.0, 4.0, 0.0, 0.0, 0.0, 1.0, 0.0, 0.0, 0.0, 0.0, 0.0, 0.0, 0.0, 0.0, 0.0, 0.0, 1.0, 0.0, 0.0, 0.0, 0.0, 1.0, 1.0, 1.0, 0.0, 0.0, 0.0, 0.0, 0.0]]
57:source: FIND_CLUSTER_DATA_THAT_HAVE_INDEX_EQUALS_1:49, stream: default, id: {}, [1, terpaguraa , [0.0, 0.0, 0.0, 1.0, 0.0, 0.0, 1.0, 0.0, 1.0, 1.0, 0.0, 0.0, 0.0, 0.0, 0.0, 0.0, 0.0, 1.0, 0.0, 0.0, 0.0, 0.0, 2.0, 1.0, 0.525, 0.0, -0.6931471805599453, 0.0, 0.0, 0.0]]
58:source: FIND_CLUSTER_DATA_THAT_HAVE_INDEX_EQUALS_1:36, stream: default, id: {}, [1, ud24Info , [0.0, 0.0, 0.0, 0.0, 0.0, 1.0, 0.0, 0.0, 1.0, 1.0, 0.0, 0.0, 0.0, 0.0, 0.0, 0.0, 0.0, 1.0, 0.0, 0.0, 0.0, 0.0, 1.0, 0.0, 0.0, 0.0, -0.6931471805599453, 0.0, 0.0, 0.0]]
59:source: FIND_CLUSTER_DATA_THAT_HAVE_INDEX_EQUALS_1:45, stream: default, id: {}, [1, wdogger5 , [0.0, 0.0, 0.0, 1.0, 0.0, 0.0, 1.0, 0.0, 1.0, 1.0, 0.0, 0.0, 0.0, 0.0, 0.0, 0.0, 0.0, 1.0, 0.0, 0.0, 0.0, 0.0, 2.0, 1.0, 0.525, 0.0, -0.6931471805599453, 0.0, 0.0, 0.0]]
60:source: FIND_CLUSTER_DATA_THAT_HAVE_INDEX_EQUALS_1:40, stream: default, id: {}, [1, ika_lestarii , [0.0, 0.0, 0.0, 0.0, 0.0, 1.0, 0.0, 0.0, 1.0, 1.0, 0.0, 0.0, 0.0, 0.0, 0.0, 0.0, 0.0, 1.0, 0.0, 0.0, 0.0, 0.0, 1.0, 0.0, 0.0, 0.0, -0.6931471805599453, 0.0, 0.0, 0.0]]
61:source: FIND_CLUSTER_DATA_THAT_HAVE_INDEX_EQUALS_1:47, stream: default, id: {}, [1, pae , [0.0, 0.0, 0.0, 0.0, 0.0, 1.0, 0.0, 0.0, 1.0, 1.0, 0.0, 0.0, 0.0, 0.0, 0.0, 0.0, 0.0, 1.0, 0.0, 0.0, 0.0, 0.0, 1.0, 0.0, 0.0, 0.0, -0.6931471805599453, 0.0, 0.0, 0.0]]
62:source: FIND_CLUSTER_DATA_THAT_HAVE_INDEX_EQUALS_1:47, stream: default, id: {}, [1, terThabang , [0.0, 0.0, 1.0, 0.0, 0.0, 0.0, 1.0, 0.0, 0.0, 0.0, 0.0, 0.0, 0.0, 0.0, 0.0, 0.0, 0.0, 1.0, 0.0, 0.0, 0.0, 0.0, 1.0, 1.0, 1.0, 0.0, 0.0, 0.0, 0.0, 0.0]]
63:source: FIND_CLUSTER_DATA_THAT_HAVE_INDEX_EQUALS_1:44, stream: default, id: {}, [1, n_nt , [1.0, 0.0, 2.0, 0.0, 0.0, 0.0, 1.0, 0.0, 0.0, 0.0, 0.0, 0.0, 0.0, 0.0, 0.0, 0.0, 0.0, 1.0, 0.0, 0.0, 0.0, 0.0, 1.0, 1.0, 1.0, 0.0, 0.0, 0.0, 0.0, 0.0]]
64:source: FIND_CLUSTER_DATA_THAT_HAVE_INDEX_EQUALS_1:42, stream: default, id: {}, [1, arrielThaG , [0.0, 0.0, 0.0, 0.0, 0.0, 0.0, 1.0, 0.0, 0.0, 0.0, 0.0, 0.0, 0.0, 0.0, 0.0, 0.0, 0.0, 1.0, 0.0, 0.0, 0.0, 0.0, 1.0, 1.0, 1.0, 0.0, 0.0, 0.0, 0.0, 0.0]]
65:source: FIND_CLUSTER_DATA_THAT_HAVE_INDEX_EQUALS_1:50, stream: default, id: {}, [1, z7130 , [0.0, 0.0, 0.0, 0.0, 0.0, 0.0, 1.0, 0.0, 0.0, 0.0, 0.0, 0.0, 0.0, 0.0, 0.0, 0.0, 0.0, 1.0, 0.0, 0.0, 0.0, 0.0, 1.0, 1.0, 1.0, 0.0, 0.0, 0.0, 0.0, 0.0]]
66:source: FIND_CLUSTER_DATA_THAT_HAVE_INDEX_EQUALS_1:46, stream: default, id: {}, [1, deyibozann , [0.0, 0.0, 1.0, 0.0, 0.0, 0.0, 1.0, 0.0, 0.0, 0.0, 0.0, 0.0, 0.0, 0.0, 0.0, 0.0, 0.0, 1.0, 0.0, 0.0, 0.0, 0.0, 1.0, 1.0, 1.0, 0.0, 0.0, 0.0, 0.0, 0.0]]
67:source: FIND_CLUSTER_DATA_THAT_HAVE_INDEX_EQUALS_1:42, stream: default, id: {}, [1, ton_meeks101 , [1.0, 0.0, 0.0, 0.0, 0.0, 1.0, 0.0, 0.0, 1.0, 1.0, 0.0, 0.0, 0.0, 0.0, 0.0, 0.0, 0.0, 1.0, 0.0, 0.0, 0.0, 0.0, 1.0, 0.0, 0.0, 0.0, -0.6931471805599453, 0.0, 0.0, 0.0]]
68:source: FIND_CLUSTER_DATA_THAT_HAVE_INDEX_EQUALS_1:36, stream: default, id: {}, [1, oo_ , [0.0, 0.0, 0.0, 0.0, 0.0, 0.0, 1.0, 0.0, 0.0, 0.0, 0.0, 0.0, 0.0, 0.0, 0.0, 0.0, 0.0, 1.0, 0.0, 0.0, 0.0, 0.0, 1.0, 1.0, 1.0, 0.0, 0.0, 0.0, 0.0, 0.0]]
69:source: FIND_CLUSTER_DATA_THAT_HAVE_INDEX_EQUALS_1:37, stream: default, id: {}, [1, lliaRae , [0.0, 0.0, 0.0, 0.0, 0.0, 0.0, 1.0, 0.0, 0.0, 0.0, 0.0, 0.0, 0.0, 0.0, 0.0, 0.0, 0.0, 1.0, 0.0, 0.0, 0.0, 0.0, 1.0, 1.0, 1.0, 0.0, 0.0, 0.0, 0.0, 0.0]]
70:source: FIND_CLUSTER_DATA_THAT_HAVE_INDEX_EQUALS_1:49, stream: default, id: {}, [1, ylaaashree14 , [1.0, 0.0, 0.0, 0.0, 0.0, 1.0, 0.0, 0.0, 1.0, 1.0, 0.0, 0.0, 0.0, 0.0, 0.0, 0.0, 0.0, 1.0, 0.0, 0.0, 0.0, 0.0, 1.0, 0.0, 0.0, 0.0, -0.6931471805599453, 0.0, 0.0, 0.0]]
71:source: FIND_CLUSTER_DATA_THAT_HAVE_INDEX_EQUALS_1:50, stream: default, id: {}, [1, zza , [0.0, 0.0, 0.0, 0.0, 0.0, 0.0, 1.0, 0.0, 0.0, 0.0, 0.0, 0.0, 0.0, 0.0, 0.0, 0.0, 0.0, 1.0, 0.0, 0.0, 0.0, 0.0, 1.0, 1.0, 1.0, 0.0, 0.0, 0.0, 0.0, 0.0]]
72:source: FIND_CLUSTER_DATA_THAT_HAVE_INDEX_EQUALS_1:41, stream: default, id: {}, [1, ZUSBITCH , [0.0, 0.0, 0.0, 0.0, 0.0, 0.0, 1.0, 0.0, 0.0, 0.0, 0.0, 0.0, 0.0, 0.0, 0.0, 0.0, 0.0, 1.0, 0.0, 0.0, 0.0, 0.0, 1.0, 1.0, 1.0, 0.0, 0.0, 0.0, 0.0, 0.0]]
73:source: FIND_CLUSTER_DATA_THAT_HAVE_INDEX_EQUALS_1:42, stream: default, id: {}, [1, icore1 , [0.0, 0.0, 0.0, 1.0, 0.0, 0.0, 1.0, 0.0, 1.0, 1.0, 0.0, 0.0, 0.0, 0.0, 0.0, 0.0, 0.0, 1.0, 0.0, 0.0, 0.0, 0.0, 2.0, 1.0, 0.525, 0.0, -0.6931471805599453, 0.0, 0.0, 0.0]]
74:source: FIND_CLUSTER_DATA_THAT_HAVE_INDEX_EQUALS_1:45, stream: default, id: {}, [1, or_222 , [1.0, 0.0, 0.0, 0.0, 0.0, 1.0, 0.0, 0.0, 1.0, 1.0, 0.0, 0.0, 0.0, 0.0, 0.0, 0.0, 0.0, 1.0, 0.0, 0.0, 0.0, 0.0, 1.0, 0.0, 0.0, 0.0, -0.6931471805599453, 0.0, 0.0, 0.0]]
75:source: FIND_CLUSTER_DATA_THAT_HAVE_INDEX_EQUALS_1:49, stream: default, id: {}, [1, xcul , [1.0, 0.0, 0.0, 0.0, 0.0, 1.0, 0.0, 0.0, 2.0, 2.0, 0.0, 0.0, 0.0, 0.0, 0.0, 0.0, 0.0, 1.0, 0.0, 0.0, 0.0, 0.0, 1.0, 0.0, 0.0, 0.0, -2.1972245773362196, 0.0, 0.0, 0.0]]
76:source: FIND_CLUSTER_DATA_THAT_HAVE_INDEX_EQUALS_1:38, stream: default, id: {}, [1, n21 , [0.0, 0.0, 0.0, 1.0, 0.0, 0.0, 1.0, 0.0, 1.0, 1.0, 0.0, 0.0, 0.0, 0.0, 0.0, 0.0, 0.0, 1.0, 0.0, 0.0, 0.0, 0.0, 2.0, 1.0, 0.525, 0.0, -0.6931471805599453, 0.0, 0.0, 0.0]]
77:source: FIND_CLUSTER_DATA_THAT_HAVE_INDEX_EQUALS_1:41, stream: default, id: {}, [1, rra_vega1 , [0.0, 0.0, 0.0, 0.0, 0.0, 0.0, 1.0, 0.0, 0.0, 0.0, 0.0, 0.0, 0.0, 0.0, 0.0, 0.0, 0.0, 1.0, 0.0, 0.0, 0.0, 0.0, 1.0, 1.0, 1.0, 0.0, 0.0, 0.0, 0.0, 0.0]]
78:source: FIND_CLUSTER_DATA_THAT_HAVE_INDEX_EQUALS_1:42, stream: default, id: {}, [1, MINHO , [0.0, 0.0, 0.0, 1.0, 0.0, 0.0, 1.0, 0.0, 1.0, 1.0, 0.0, 0.0, 0.0, 0.0, 0.0, 0.0, 0.0, 1.0, 0.0, 0.0, 0.0, 0.0, 2.0, 1.0, 0.525, 0.0, -0.6931471805599453, 0.0, 0.0, 0.0]]
79:source: FIND_CLUSTER_DATA_THAT_HAVE_INDEX_EQUALS_1:44, stream: default, id: {}, [1, bin , [0.0, 0.0, 0.0, 0.0, 0.0, 0.0, 1.0, 0.0, 0.0, 0.0, 0.0, 0.0, 0.0, 0.0, 0.0, 0.0, 0.0, 1.0, 0.0, 0.0, 0.0, 0.0, 1.0, 1.0, 1.0, 0.0, 0.0, 0.0, 0.0, 0.0]]
80:source: FIND_CLUSTER_DATA_THAT_HAVE_INDEX_EQUALS_1:50, stream: default, id: {}, [1, oaqp , [0.0, 0.0, 1.0, 0.0, 0.0, 1.0, 0.0, 0.0, 6.0, 6.0, 0.0, 0.0, 0.0, 0.0, 0.0, 0.0, 0.0, 1.0, 0.0, 0.0, 0.0, 0.0, 1.0, 0.0, 0.0, 0.0, -11.675460894331879, 0.0, 0.0, 0.0]]
81:source: FIND_CLUSTER_DATA_THAT_HAVE_INDEX_EQUALS_1:39, stream: default, id: {}, [1, lamanski , [1.0, 0.0, 0.0, 0.0, 0.0, 1.0, 0.0, 0.0, 1.0, 1.0, 0.0, 0.0, 0.0, 0.0, 0.0, 0.0, 0.0, 1.0, 0.0, 0.0, 0.0, 0.0, 1.0, 0.0, 0.0, 0.0, -0.6931471805599453, 0.0, 0.0, 0.0]]
82:source: FIND_CLUSTER_DATA_THAT_HAVE_INDEX_EQUALS_1:50, stream: default, id: {}, [1, perning , [0.0, 0.0, 0.0, 0.0, 0.0, 0.0, 1.0, 0.0, 0.0, 0.0, 0.0, 0.0, 0.0, 0.0, 0.0, 0.0, 0.0, 1.0, 0.0, 0.0, 0.0, 0.0, 1.0, 1.0, 1.0, 0.0, 0.0, 0.0, 0.0, 0.0]]
83:source: FIND_CLUSTER_DATA_THAT_HAVE_INDEX_EQUALS_1:46, stream: default, id: {}, [1, ntsdotcom , [0.0, 0.0, 0.0, 0.0, 0.0, 1.0, 0.0, 0.0, 1.0, 1.0, 0.0, 0.0, 0.0, 0.0, 0.0, 0.0, 0.0, 1.0, 0.0, 0.0, 0.0, 0.0, 1.0, 0.0, 0.0, 0.0, -0.6931471805599453, 0.0, 0.0, 0.0]]
84:source: FIND_CLUSTER_DATA_THAT_HAVE_INDEX_EQUALS_1:49, stream: default, id: {}, [1, aaliisaax3 , [0.0, 0.0, 0.0, 0.0, 0.0, 1.0, 0.0, 0.0, 1.0, 1.0, 0.0, 0.0, 0.0, 0.0, 0.0, 0.0, 0.0, 1.0, 0.0, 0.0, 0.0, 0.0, 1.0, 0.0, 0.0, 0.0, -0.6931471805599453, 0.0, 0.0, 0.0]]
85:source: FIND_CLUSTER_DATA_THAT_HAVE_INDEX_EQUALS_1:46, stream: default, id: {}, [1, rant , [0.0, 0.0, 0.0, 0.0, 0.0, 0.0, 1.0, 0.0, 0.0, 0.0, 0.0, 0.0, 0.0, 0.0, 0.0, 0.0, 0.0, 1.0, 0.0, 0.0, 0.0, 0.0, 1.0, 1.0, 1.0, 0.0, 0.0, 0.0, 0.0, 0.0]]
86:source: FIND_CLUSTER_DATA_THAT_HAVE_INDEX_EQUALS_1:46, stream: default, id: {}, [1, assyShay , [0.0, 0.0, 0.0, 1.0, 0.0, 0.0, 1.0, 0.0, 1.0, 1.0, 0.0, 0.0, 0.0, 0.0, 0.0, 0.0, 0.0, 1.0, 0.0, 0.0, 0.0, 0.0, 2.0, 1.0, 0.525, 0.0, -0.6931471805599453, 0.0, 0.0, 0.0]]
87:source: FIND_CLUSTER_DATA_THAT_HAVE_INDEX_EQUALS_1:49, stream: default, id: {}, [1, ydm , [1.0, 0.0, 0.0, 0.0, 0.0, 0.0, 1.0, 0.0, 0.0, 0.0, 0.0, 0.0, 0.0, 0.0, 0.0, 0.0, 0.0, 1.0, 0.0, 0.0, 0.0, 0.0, 1.0, 1.0, 1.0, 0.0, 0.0, 0.0, 0.0, 0.0]]
88:source: FIND_CLUSTER_DATA_THAT_HAVE_INDEX_EQUALS_1:49, stream: default, id: {}, [1, sehun111 , [1.0, 0.0, 0.0, 0.0, 0.0, 1.0, 0.0, 0.0, 1.0, 1.0, 0.0, 0.0, 0.0, 0.0, 0.0, 0.0, 0.0, 1.0, 0.0, 0.0, 0.0, 0.0, 1.0, 0.0, 0.0, 0.0, -0.6931471805599453, 0.0, 0.0, 0.0]]
