0:source: CLASSIFY_FUZZY_CLUSTERS_IF_INDEX_IS_1:2, stream: default, id: {}, [1, _isabelafonseca , [1.0, 0.0, 0.0, 0.0, 0.0, 0.0, 0.0, 1.0, 0.0, 0.0, 0.0, 0.0, 0.0, 0.0, 0.0, 0.0, 0.0, 0.0, 0.0, 0.0, 0.0, 1.0, 0.0, 1.0, 1.0, 1.0, 0.0, 0.0, 0.0, 0.0, 0.0]]
1:source: CLASSIFY_FUZZY_CLUSTERS_IF_INDEX_IS_1:2, stream: default, id: {}, [1, peyton_meeks101 , [0.0, 1.0, 0.0, 0.0, 0.0, 0.0, 1.0, 0.0, 0.0, 1.0, 1.0, 0.0, 0.0, 0.0, 0.0, 0.0, 0.0, 0.0, 0.0, 0.0, 0.0, 1.0, 0.0, 1.0, 0.0, 0.0, 0.0, -0.6931471805599453, 0.0, 0.0, 0.0]]
2:source: CLASSIFY_FUZZY_CLUSTERS_IF_INDEX_IS_1:2, stream: default, id: {}, [1, laynacarmela , [1.0, 0.0, 0.0, 0.0, 0.0, 0.0, 0.0, 1.0, 0.0, 0.0, 0.0, 0.0, 0.0, 0.0, 0.0, 0.0, 0.0, 0.0, 0.0, 0.0, 0.0, 1.0, 0.0, 1.0, 1.0, 1.0, 0.0, 0.0, 0.0, 0.0, 0.0]]
3:source: CLASSIFY_FUZZY_CLUSTERS_IF_INDEX_IS_1:2, stream: default, id: {}, [1, PezAhogado , [1.0, 0.0, 0.0, 0.0, 0.0, 0.0, 0.0, 1.0, 0.0, 0.0, 0.0, 0.0, 0.0, 0.0, 0.0, 0.0, 0.0, 0.0, 0.0, 0.0, 0.0, 1.0, 0.0, 1.0, 1.0, 1.0, 0.0, 0.0, 0.0, 0.0, 0.0]]
4:source: CLASSIFY_FUZZY_CLUSTERS_IF_INDEX_IS_1:2, stream: default, id: {}, [1, Florr420 , [1.0, 0.0, 0.0, 0.0, 0.0, 0.0, 0.0, 1.0, 0.0, 0.0, 0.0, 0.0, 0.0, 0.0, 0.0, 0.0, 0.0, 0.0, 0.0, 0.0, 0.0, 1.0, 0.0, 1.0, 1.0, 1.0, 0.0, 0.0, 0.0, 0.0, 0.0]]
5:source: CLASSIFY_FUZZY_CLUSTERS_IF_INDEX_IS_1:2, stream: default, id: {}, [1, cds09sgv , [1.0, 0.0, 0.0, 0.0, 0.0, 0.0, 0.0, 1.0, 0.0, 0.0, 0.0, 0.0, 0.0, 0.0, 0.0, 0.0, 0.0, 0.0, 0.0, 0.0, 0.0, 1.0, 0.0, 1.0, 1.0, 1.0, 0.0, 0.0, 0.0, 0.0, 0.0]]
6:source: CLASSIFY_FUZZY_CLUSTERS_IF_INDEX_IS_1:2, stream: default, id: {}, [1, 4Evr2Real , [1.0, 0.0, 0.0, 0.0, 0.0, 0.0, 0.0, 1.0, 0.0, 0.0, 0.0, 0.0, 0.0, 0.0, 0.0, 0.0, 0.0, 0.0, 0.0, 0.0, 0.0, 1.0, 0.0, 1.0, 1.0, 1.0, 0.0, 0.0, 0.0, 0.0, 0.0]]
7:source: CLASSIFY_FUZZY_CLUSTERS_IF_INDEX_IS_1:2, stream: default, id: {}, [1, ElizabethBotwe , [0.0, 0.0, 0.0, 0.0, 0.0, 0.0, 1.0, 0.0, 0.0, 1.0, 1.0, 0.0, 0.0, 0.0, 0.0, 0.0, 0.0, 0.0, 0.0, 0.0, 0.0, 1.0, 0.0, 1.0, 0.0, 0.0, 0.0, -0.6931471805599453, 0.0, 0.0, 0.0]]
8:source: CLASSIFY_FUZZY_CLUSTERS_IF_INDEX_IS_1:2, stream: default, id: {}, [1, iseedapudo26223 , [1.0, 0.0, 0.0, 0.0, 0.0, 0.0, 0.0, 1.0, 0.0, 0.0, 0.0, 0.0, 0.0, 0.0, 0.0, 0.0, 0.0, 0.0, 0.0, 0.0, 0.0, 1.0, 0.0, 1.0, 1.0, 1.0, 0.0, 0.0, 0.0, 0.0, 0.0]]
9:source: CLASSIFY_FUZZY_CLUSTERS_IF_INDEX_IS_1:2, stream: default, id: {}, [1, GEEZUSBITCH , [1.0, 0.0, 0.0, 0.0, 0.0, 0.0, 0.0, 1.0, 0.0, 0.0, 0.0, 0.0, 0.0, 0.0, 0.0, 0.0, 0.0, 0.0, 0.0, 0.0, 0.0, 1.0, 0.0, 1.0, 1.0, 1.0, 0.0, 0.0, 0.0, 0.0, 0.0]]
