0:source: FEATURES:2, stream: default, id: {3980260354167632965=-5201412950861790579}, [gr_panos, 6.0, 0.0, 0.0, 0.0, 0.0, 0.0, 0.0, 6.0, 0.0, 0.0, 6.0, 1.0, 0.0, 0.0, 0.0, 0.0, 0.0, 0.0, 1.0, 0.0, 0.0, 0.0, 6.0, 0.0, 1.0, 0.0, 0.0, 0.0, -4.1588830833596715, 0.0, 0.0, 0.0]
1:source: FEATURES:2, stream: default, id: {-967838990086046262=-3584464590399616711}, [waitin4espinosa, 1.0, 0.0, 0.0, 0.0, 0.0, 0.0, 0.0, 1.0, 0.0, 0.0, 1.0, 1.0, 0.0, 0.0, 0.0, 0.0, 0.0, 0.0, 1.0, 0.0, 0.0, 0.0, 1.0, 0.0, 1.0, 0.0, 0.0, 0.0, -0.6931471805599453, 0.0, 0.0, 0.0]
2:source: FEATURES:2, stream: default, id: {8277368537904326938=2536064617464647554}, [DavidMWedding, 2.0, 0.0, 2.0, 0.0, 0.0, 0.0, 0.0, 2.0, 0.0, 0.0, 2.0, 1.0, 0.0, 0.0, 0.0, 0.0, 0.0, 0.0, 1.0, 0.0, 0.0, 2.0, 0.0, 0.0, 1.0, 0.0, 0.0, 0.0, -1.3862943611198906, 0.0, 0.0, 0.0]
3:source: FEATURES:2, stream: default, id: {-8628246240113239402=-291437669837669568}, [hawkeylaura2, 1.0, 1.0, 1.0, 0.0, 5.0, 0.0, 0.0, 0.0, 0.0, 0.0, 0.0, 0.0, 0.0, 0.0, 0.0, 0.0, 0.0, 0.0, 1.0, 0.0, 0.0, 0.0, 1.0, 0.0, 1.0, 1.0, 1.0, 0.0, 0.0, 0.0, 0.0, 0.0]
4:source: FEATURES:2, stream: default, id: {5021383095247158903=4003084132529809797}, [Its_Hockey_Baby, 1.0, 0.0, 0.0, 0.0, 0.0, 0.0, 0.0, 1.0, 0.0, 0.0, 1.0, 1.0, 0.0, 0.0, 0.0, 0.0, 0.0, 0.0, 1.0, 0.0, 0.0, 0.0, 1.0, 0.0, 1.0, 0.0, 0.0, 0.0, -0.6931471805599453, 0.0, 0.0, 0.0]
5:source: FEATURES:2, stream: default, id: {7910359016232363424=-8950805813844593186}, [tommoluckyone, 3.0, 0.0, 0.0, 0.0, 0.0, 0.0, 0.0, 3.0, 0.0, 0.0, 3.0, 1.0, 0.0, 0.0, 0.0, 0.0, 0.0, 0.0, 1.0, 0.0, 0.0, 0.0, 3.0, 0.0, 1.0, 0.0, 0.0, 0.0, -2.0794415416798357, 0.0, 0.0, 0.0]
6:source: FEATURES:2, stream: default, id: {-3534777631746222214=-3597292175050010516}, [dreamvato, 2.0, 0.0, 0.0, 0.0, 4.0, 0.0, 0.0, 2.0, 0.0, 0.0, 2.0, 1.0, 0.0, 0.0, 0.0, 0.0, 0.0, 0.0, 1.0, 0.0, 0.0, 0.0, 0.0, 2.0, 1.0, 0.0, 0.0, 0.0, -1.3862943611198906, 0.0, 0.0, 0.0]
7:source: FEATURES:2, stream: default, id: {-6975253344127344404=5349091726356052046}, [RyanSanghera, 1.0, 1.0, 0.0, 0.0, 0.0, 0.0, 0.0, 0.0, 0.0, 0.0, 0.0, 0.0, 0.0, 0.0, 0.0, 0.0, 0.0, 0.0, 1.0, 0.0, 0.0, 0.0, 1.0, 0.0, 1.0, 1.0, 1.0, 0.0, 0.0, 0.0, 0.0, 0.0]
8:source: FEATURES:2, stream: default, id: {-9136553840552223899=-632316533240532489}, [DjCaprious, 3.0, 3.0, 0.0, 0.0, 0.0, 0.0, 0.0, 0.0, 0.0, 0.0, 0.0, 0.0, 0.0, 0.0, 0.0, 0.0, 0.0, 0.0, 1.0, 0.0, 0.0, 0.0, 3.0, 0.0, 1.0, 1.0, 1.0, 0.0, 0.0, 0.0, 0.0, 0.0]
9:source: FEATURES:2, stream: default, id: {8423404674585317537=1682115199594052957}, [mainegaskarth, 3.0, 3.0, 3.0, 0.0, 0.0, 0.0, 0.0, 0.0, 0.0, 0.0, 0.0, 0.0, 0.0, 0.0, 0.0, 0.0, 0.0, 0.0, 1.0, 0.0, 0.0, 0.0, 3.0, 0.0, 1.0, 1.0, 1.0, 0.0, 0.0, 0.0, 0.0, 0.0]
10:source: FEATURES:2, stream: default, id: {5951362368044142536=7142084957920966193}, [SheilaGMills, 1.0, 1.0, 1.0, 0.0, 0.0, 0.0, 0.0, 0.0, 0.0, 0.0, 1.0, 1.0, 0.0, 0.0, 0.0, 0.0, 0.0, 0.0, 1.0, 0.0, 0.0, 0.0, 1.0, 0.0, 1.0, 1.0, 1.0, 0.0, -0.6931471805599453, 0.0, 0.0, 0.0]
11:source: FEATURES:2, stream: default, id: {-449018706221882757=-6815010658662795150}, [theLOendtheory, 1.0, 0.0, 0.0, 0.0, 0.0, 0.0, 0.0, 1.0, 0.0, 0.0, 2.0, 2.0, 0.0, 0.0, 0.0, 0.0, 0.0, 0.0, 1.0, 0.0, 0.0, 0.0, 1.0, 0.0, 1.0, 0.0, 0.0, 0.0, -2.1972245773362196, 0.0, 0.0, 0.0]
12:source: FEATURES:2, stream: default, id: {-957037732257701217=-6428678733468013028}, [olingerjordan1, 1.0, 0.0, 1.0, 0.0, 0.0, 0.0, 0.0, 1.0, 0.0, 0.0, 1.0, 1.0, 0.0, 0.0, 0.0, 0.0, 0.0, 0.0, 1.0, 0.0, 0.0, 0.0, 1.0, 0.0, 1.0, 0.0, 0.0, 0.0, -0.6931471805599453, 0.0, 0.0, 0.0]
13:source: FEATURES:2, stream: default, id: {-6456546788100858079=616944683470315213}, [sarah_naji, 2.0, 2.0, 0.0, 0.0, 0.0, 0.0, 0.0, 0.0, 0.0, 0.0, 0.0, 0.0, 0.0, 0.0, 0.0, 0.0, 0.0, 0.0, 1.0, 0.0, 0.0, 0.0, 0.0, 2.0, 1.0, 1.0, 1.0, 0.0, 0.0, 0.0, 0.0, 0.0]
14:source: FEATURES:2, stream: default, id: {2489149785788307057=9173296699009550476}, [laralucienne, 2.0, 2.0, 0.0, 0.0, 0.0, 0.0, 0.0, 0.0, 0.0, 0.0, 0.0, 0.0, 0.0, 0.0, 0.0, 0.0, 0.0, 0.0, 1.0, 0.0, 0.0, 0.0, 0.0, 2.0, 1.0, 1.0, 1.0, 0.0, 0.0, 0.0, 0.0, 0.0]
15:source: FEATURES:2, stream: default, id: {-4087790224709817158=-36958091546935021}, [jayroldsukhu, 2.0, 0.0, 2.0, 0.0, 2.0, 0.0, 0.0, 2.0, 0.0, 0.0, 2.0, 1.0, 0.0, 0.0, 0.0, 0.0, 0.0, 0.0, 1.0, 0.0, 0.0, 0.0, 0.0, 2.0, 1.0, 0.0, 0.0, 0.0, -1.3862943611198906, 0.0, 0.0, 0.0]
16:source: FEATURES:2, stream: default, id: {1839757343241021969=770430210071228755}, [GhostInThisRoom, 2.0, 2.0, 0.0, 0.0, 0.0, 0.0, 0.0, 0.0, 0.0, 0.0, 0.0, 0.0, 0.0, 0.0, 0.0, 0.0, 0.0, 0.0, 1.0, 0.0, 0.0, 0.0, 0.0, 2.0, 1.0, 1.0, 1.0, 0.0, 0.0, 0.0, 0.0, 0.0]
17:source: FEATURES:2, stream: default, id: {-7845249258820967461=-8161458713650595575}, [angeIicharry, 2.0, 2.0, 2.0, 0.0, 0.0, 0.0, 0.0, 0.0, 0.0, 0.0, 0.0, 0.0, 0.0, 0.0, 0.0, 0.0, 0.0, 0.0, 1.0, 0.0, 0.0, 0.0, 0.0, 2.0, 1.0, 1.0, 1.0, 0.0, 0.0, 0.0, 0.0, 0.0]
18:source: FEATURES:2, stream: default, id: {-531343526396535970=-8089998944237994338}, [caamano, 4.0, 4.0, 4.0, 60.0, 0.0, 0.0, 0.0, 0.0, 0.0, 0.0, 0.0, 0.0, 0.0, 0.0, 0.0, 0.0, 0.0, 0.0, 1.8518518518518518E-5, 0.0, 0.0, 0.0, 0.0, 4.0, 1.0, 1.0, 1.0, 0.0, 0.0, 0.0, 0.0, 0.0]
19:source: FEATURES:2, stream: default, id: {-6480595590789082977=-6833560737410338912}, [1047WNOK, 10.0, 0.0, 10.0, 18.4, 0.0, 10.0, 0.0, 0.0, 0.0, 0.0, 30.0, 11.0, 0.0, 0.0, 0.0, 0.0, 0.0, 0.0, 1.0, 0.0, 0.0, 0.0, 0.0, 10.0, 1.0, 1.0, 0.045454545454545456, 0.0, -74.54719949364001, 0.0, 0.0, 0.0]
20:source: FEATURES:2, stream: default, id: {2919053967676206993=-8290352865401941858}, [court_corrado, 2.0, 0.0, 0.0, 0.0, 0.0, 0.0, 0.0, 2.0, 0.0, 0.0, 2.0, 1.0, 0.0, 0.0, 0.0, 0.0, 0.0, 0.0, 1.0, 0.0, 0.0, 0.0, 0.0, 2.0, 1.0, 0.0, 0.0, 0.0, -1.3862943611198906, 0.0, 0.0, 0.0]
21:source: FEATURES:2, stream: default, id: {1949578841550674676=7032431708090367793}, [carmarie22, 2.0, 2.0, 2.0, 0.0, 0.0, 0.0, 0.0, 0.0, 0.0, 0.0, 0.0, 0.0, 0.0, 0.0, 0.0, 0.0, 0.0, 0.0, 1.0, 0.0, 0.0, 0.0, 0.0, 2.0, 1.0, 1.0, 1.0, 0.0, 0.0, 0.0, 0.0, 0.0]
22:source: FEATURES:2, stream: default, id: {8462019800734543715=786475895503488874}, [RadSummer, 2.0, 2.0, 0.0, 0.0, 0.0, 0.0, 0.0, 0.0, 0.0, 0.0, 0.0, 0.0, 0.0, 0.0, 0.0, 0.0, 0.0, 0.0, 1.0, 0.0, 0.0, 0.0, 0.0, 2.0, 1.0, 1.0, 1.0, 0.0, 0.0, 0.0, 0.0, 0.0]
23:source: FEATURES:2, stream: default, id: {7185090564132045430=-406437633612827128}, [Nimer_aa, 2.0, 0.0, 0.0, 0.0, 0.0, 0.0, 0.0, 2.0, 0.0, 0.0, 2.0, 1.0, 0.0, 0.0, 0.0, 0.0, 0.0, 0.0, 1.0, 0.0, 0.0, 0.0, 0.0, 2.0, 1.0, 0.0, 0.0, 0.0, -1.3862943611198906, 0.0, 0.0, 0.0]
24:source: FEATURES:2, stream: default, id: {-5831945168331994147=8224991918635119395}, [bethaniesaenz, 2.0, 0.0, 0.0, 0.0, 0.0, 0.0, 0.0, 2.0, 0.0, 0.0, 2.0, 1.0, 0.0, 0.0, 0.0, 0.0, 0.0, 0.0, 1.0, 0.0, 0.0, 0.0, 0.0, 2.0, 1.0, 0.0, 0.0, 0.0, -1.3862943611198906, 0.0, 0.0, 0.0]
25:source: FEATURES:2, stream: default, id: {-3448134038817857265=-1317407987206374106}, [DougTimm34, 2.0, 0.0, 0.0, 0.0, 0.0, 2.0, 0.0, 0.0, 0.0, 0.0, 2.0, 1.0, 0.0, 0.0, 0.0, 0.0, 0.0, 0.0, 1.0, 0.0, 0.0, 0.0, 0.0, 2.0, 1.0, 1.0, 0.03333333333333333, 0.0, -1.3862943611198906, 0.0, 0.0, 0.0]
26:source: FEATURES:2, stream: default, id: {-1311333523868358143=-5143199047757684136}, [allysonchaisson, 2.0, 0.0, 0.0, 0.0, 0.0, 0.0, 0.0, 2.0, 0.0, 0.0, 2.0, 1.0, 0.0, 0.0, 0.0, 0.0, 0.0, 0.0, 1.0, 0.0, 0.0, 0.0, 0.0, 2.0, 1.0, 0.0, 0.0, 0.0, -1.3862943611198906, 0.0, 0.0, 0.0]
27:source: FEATURES:2, stream: default, id: {-2921788318926133504=210453269866555202}, [PartOfMagcon, 4.0, 0.0, 4.0, 0.6666666666666666, 8.0, 0.0, 0.0, 4.0, 0.0, 0.0, 0.0, 0.0, 0.0, 0.0, 0.0, 0.0, 0.0, 0.0, 7.751937984496124E-6, 0.0, 0.0, 0.0, 0.0, 4.0, 1.0, 0.0, 0.0, 0.0, 0.0, 0.0, 0.0, 0.0]
28:source: FEATURES:2, stream: default, id: {5025076480841123181=-6831526278980439380}, [BIFM_UK, 2.0, 0.0, 0.0, 0.0, 0.0, 0.0, 0.0, 2.0, 0.0, 0.0, 6.0, 3.0, 0.0, 0.0, 0.0, 0.0, 0.0, 0.0, 1.0, 0.0, 0.0, 0.0, 0.0, 2.0, 1.0, 0.0, 0.0, 0.0, -8.317766166719343, 0.0, 0.0, 0.0]
29:source: FEATURES:2, stream: default, id: {-1760103128211674064=8963565632959982609}, [danielhdez89, 2.0, 0.0, 4.0, 0.0, 0.0, 0.0, 0.0, 2.0, 0.0, 0.0, 4.0, 2.0, 0.0, 0.0, 0.0, 0.0, 0.0, 0.0, 1.0, 0.0, 0.0, 0.0, 0.0, 2.0, 1.0, 0.0, 0.0, 0.0, -4.394449154672439, 0.0, 0.0, 0.0]
30:source: FEATURES:2, stream: default, id: {-8356075239792951133=-621644743900248138}, [Kayliana19, 2.0, 0.0, 2.0, 0.0, 0.0, 0.0, 0.0, 2.0, 0.0, 0.0, 4.0, 2.0, 0.0, 0.0, 0.0, 0.0, 0.0, 0.0, 1.0, 0.0, 0.0, 0.0, 0.0, 2.0, 1.0, 0.0, 0.0, 0.0, -4.394449154672439, 0.0, 0.0, 0.0]
31:source: FEATURES:2, stream: default, id: {-8750723628516824710=-2220812393028807737}, [TheStevenPhan, 2.0, 2.0, 2.0, 0.0, 0.0, 0.0, 0.0, 0.0, 0.0, 0.0, 0.0, 0.0, 0.0, 0.0, 0.0, 0.0, 0.0, 0.0, 1.0, 0.0, 0.0, 0.0, 0.0, 2.0, 1.0, 1.0, 1.0, 0.0, 0.0, 0.0, 0.0, 0.0]
32:source: FEATURES:2, stream: default, id: {4946646201953674796=6315902362282773544}, [chrystelleranae, 2.0, 0.0, 2.0, 0.0, 0.0, 0.0, 0.0, 2.0, 0.0, 0.0, 2.0, 1.0, 0.0, 0.0, 0.0, 0.0, 0.0, 0.0, 1.0, 0.0, 0.0, 0.0, 0.0, 2.0, 1.0, 0.0, 0.0, 0.0, -1.3862943611198906, 0.0, 0.0, 0.0]
33:source: FEATURES:2, stream: default, id: {-4888460047024926149=6042962794558019292}, [love_sam_r, 2.0, 0.0, 0.0, 0.0, 0.0, 0.0, 0.0, 2.0, 0.0, 0.0, 2.0, 1.0, 0.0, 0.0, 0.0, 0.0, 0.0, 0.0, 1.0, 0.0, 0.0, 0.0, 0.0, 2.0, 1.0, 0.0, 0.0, 0.0, -1.3862943611198906, 0.0, 0.0, 0.0]
34:source: FEATURES:2, stream: default, id: {4791023043129664804=-3586728351389605582}, [twilovato, 2.0, 0.0, 2.0, 0.0, 4.0, 0.0, 0.0, 2.0, 0.0, 0.0, 8.0, 4.0, 0.0, 0.0, 0.0, 0.0, 0.0, 0.0, 1.0, 0.0, 0.0, 0.0, 2.0, 0.0, 1.0, 0.0, 0.0, 0.0, -12.875503299472802, 0.0, 0.0, 0.0]
35:source: FEATURES:2, stream: default, id: {-8730370725748934852=924577294514222611}, [CalSiebenmark, 2.0, 0.0, 0.0, 0.0, 0.0, 2.0, 0.0, 0.0, 0.0, 0.0, 2.0, 1.0, 0.0, 0.0, 0.0, 0.0, 0.0, 0.0, 1.0, 0.0, 0.0, 0.0, 0.0, 2.0, 1.0, 1.0, 0.03333333333333333, 0.0, -1.3862943611198906, 0.0, 0.0, 0.0]
36:source: FEATURES:2, stream: default, id: {175272138008818111=-5202850901947441112}, [biscuitkian, 2.0, 0.0, 0.0, 0.0, 0.0, 0.0, 0.0, 2.0, 0.0, 0.0, 2.0, 1.0, 0.0, 0.0, 0.0, 0.0, 0.0, 0.0, 1.0, 0.0, 0.0, 0.0, 0.0, 2.0, 1.0, 0.0, 0.0, 0.0, -1.3862943611198906, 0.0, 0.0, 0.0]
37:source: FEATURES:2, stream: default, id: {-3879377648688993239=-5032045862902051145}, [xMharryx, 2.0, 2.0, 0.0, 0.0, 0.0, 0.0, 0.0, 0.0, 0.0, 0.0, 0.0, 0.0, 0.0, 0.0, 0.0, 0.0, 0.0, 0.0, 1.0, 0.0, 0.0, 0.0, 0.0, 2.0, 1.0, 1.0, 1.0, 0.0, 0.0, 0.0, 0.0, 0.0]
38:source: FEATURES:2, stream: default, id: {-769833640869770556=2351459591492276833}, [yesimslim, 2.0, 0.0, 0.0, 0.0, 0.0, 0.0, 0.0, 2.0, 0.0, 0.0, 2.0, 1.0, 0.0, 0.0, 0.0, 0.0, 0.0, 0.0, 1.0, 0.0, 0.0, 0.0, 0.0, 2.0, 1.0, 0.0, 0.0, 0.0, -1.3862943611198906, 0.0, 0.0, 0.0]
39:source: FEATURES:2, stream: default, id: {-1179321627877690750=-143364520251920601}, [BellaCanzano, 2.0, 2.0, 0.0, 0.0, 0.0, 0.0, 0.0, 0.0, 0.0, 0.0, 0.0, 0.0, 0.0, 0.0, 0.0, 0.0, 0.0, 0.0, 1.0, 0.0, 0.0, 0.0, 2.0, 0.0, 1.0, 1.0, 1.0, 0.0, 0.0, 0.0, 0.0, 0.0]
40:source: FEATURES:2, stream: default, id: {7122748147044836876=-2818659541095054494}, [witwisdomfood, 2.0, 2.0, 4.0, 0.0, 0.0, 0.0, 0.0, 0.0, 0.0, 0.0, 2.0, 1.0, 0.0, 0.0, 0.0, 0.0, 0.0, 0.0, 1.0, 0.0, 0.0, 0.0, 0.0, 2.0, 1.0, 1.0, 1.0, 0.0, -1.3862943611198906, 0.0, 0.0, 0.0]
41:source: FEATURES:2, stream: default, id: {-5288137041555169254=1304896733493899157}, [TxikitoNYC, 2.0, 0.0, 0.0, 0.0, 6.0, 2.0, 0.0, 0.0, 0.0, 0.0, 4.0, 2.0, 0.0, 0.0, 0.0, 0.0, 0.0, 0.0, 1.0, 0.0, 0.0, 0.0, 2.0, 0.0, 1.0, 1.0, 0.03333333333333333, 0.0, -4.394449154672439, 0.0, 0.0, 0.0]
42:source: FEATURES:2, stream: default, id: {-6630101103598813436=-8546466406437547716}, [D_Fonz94, 2.0, 0.0, 0.0, 0.0, 0.0, 0.0, 0.0, 2.0, 0.0, 0.0, 4.0, 2.0, 0.0, 0.0, 0.0, 0.0, 0.0, 0.0, 1.0, 0.0, 0.0, 0.0, 0.0, 2.0, 1.0, 0.0, 0.0, 0.0, -4.394449154672439, 0.0, 0.0, 0.0]
43:source: FEATURES:2, stream: default, id: {-3058142011986061927=6750464849459909386}, [buzzyngabe, 2.0, 2.0, 2.0, 0.0, 6.0, 0.0, 0.0, 0.0, 0.0, 0.0, 2.0, 1.0, 0.0, 0.0, 0.0, 0.0, 0.0, 0.0, 1.0, 0.0, 0.0, 0.0, 0.0, 2.0, 1.0, 1.0, 1.0, 0.0, -1.3862943611198906, 0.0, 0.0, 0.0]
44:source: FEATURES:2, stream: default, id: {-4828528605079833297=-1929153733324906702}, [Pumpjack_Sally, 2.0, 0.0, 0.0, 0.0, 0.0, 2.0, 0.0, 0.0, 0.0, 0.0, 2.0, 1.0, 0.0, 0.0, 0.0, 0.0, 0.0, 0.0, 1.0, 0.0, 0.0, 0.0, 0.0, 2.0, 1.0, 1.0, 0.03333333333333333, 0.0, -1.3862943611198906, 0.0, 0.0, 0.0]
45:source: FEATURES:2, stream: default, id: {3251409986955511823=-69728924227226452}, [couponetiquette, 2.0, 2.0, 2.0, 0.0, 2.0, 0.0, 0.0, 0.0, 0.0, 0.0, 0.0, 0.0, 0.0, 0.0, 0.0, 0.0, 0.0, 0.0, 1.0, 0.0, 0.0, 0.0, 0.0, 2.0, 1.0, 1.0, 1.0, 0.0, 0.0, 0.0, 0.0, 0.0]
46:source: FEATURES:2, stream: default, id: {-2153645188853329273=4105168411452935838}, [blissfull__, 2.0, 0.0, 0.0, 0.0, 0.0, 0.0, 0.0, 2.0, 0.0, 0.0, 2.0, 1.0, 0.0, 0.0, 0.0, 0.0, 0.0, 0.0, 1.0, 0.0, 0.0, 0.0, 0.0, 2.0, 1.0, 0.0, 0.0, 0.0, -1.3862943611198906, 0.0, 0.0, 0.0]
47:source: FEATURES:2, stream: default, id: {-6989755592024570118=8479148337819239747}, [KirstySwag1, 2.0, 2.0, 4.0, 0.0, 2.0, 0.0, 0.0, 0.0, 0.0, 0.0, 0.0, 0.0, 0.0, 0.0, 0.0, 0.0, 0.0, 0.0, 1.0, 0.0, 0.0, 0.0, 0.0, 2.0, 1.0, 1.0, 1.0, 0.0, 0.0, 0.0, 0.0, 0.0]
48:source: FEATURES:2, stream: default, id: {974031788302524314=-2519111696254017004}, [sammi_ritaaa, 2.0, 0.0, 0.0, 0.0, 0.0, 2.0, 0.0, 0.0, 0.0, 0.0, 2.0, 1.0, 0.0, 0.0, 0.0, 0.0, 0.0, 0.0, 1.0, 0.0, 0.0, 0.0, 0.0, 2.0, 1.0, 1.0, 0.03333333333333333, 0.0, -1.3862943611198906, 0.0, 0.0, 0.0]
49:source: FEATURES:2, stream: default, id: {7570139149967421105=-7393998926630626055}, [SonyaVazquez_, 2.0, 0.0, 4.0, 0.0, 0.0, 0.0, 0.0, 2.0, 0.0, 0.0, 4.0, 2.0, 0.0, 0.0, 0.0, 0.0, 0.0, 0.0, 1.0, 0.0, 0.0, 0.0, 0.0, 2.0, 1.0, 0.0, 0.0, 0.0, -4.394449154672439, 0.0, 0.0, 0.0]
50:source: FEATURES:2, stream: default, id: {3214118256320496303=-5566264175543849273}, [Christinaa_n_, 2.0, 0.0, 0.0, 0.0, 0.0, 0.0, 0.0, 2.0, 0.0, 0.0, 2.0, 1.0, 0.0, 0.0, 0.0, 0.0, 0.0, 0.0, 1.0, 0.0, 0.0, 0.0, 0.0, 2.0, 1.0, 0.0, 0.0, 0.0, -1.3862943611198906, 0.0, 0.0, 0.0]
51:source: FEATURES:2, stream: default, id: {2248193678847768450=5762078868790846817}, [MungoNGus, 2.0, 0.0, 0.0, 0.0, 0.0, 2.0, 0.0, 0.0, 0.0, 0.0, 2.0, 1.0, 0.0, 0.0, 0.0, 0.0, 0.0, 0.0, 1.0, 0.0, 0.0, 0.0, 0.0, 2.0, 1.0, 1.0, 0.03333333333333333, 0.0, -1.3862943611198906, 0.0, 0.0, 0.0]
52:source: FEATURES:2, stream: default, id: {6227514459529595178=-4022423652396629973}, [love_sparklezz, 2.0, 0.0, 2.0, 0.0, 0.0, 0.0, 0.0, 2.0, 0.0, 0.0, 4.0, 2.0, 0.0, 0.0, 0.0, 0.0, 0.0, 0.0, 1.0, 0.0, 0.0, 0.0, 0.0, 2.0, 1.0, 0.0, 0.0, 0.0, -4.394449154672439, 0.0, 0.0, 0.0]
53:source: FEATURES:2, stream: default, id: {-2513101648032064190=4852045473405050810}, [michacasalinas, 2.0, 0.0, 0.0, 0.0, 0.0, 0.0, 0.0, 2.0, 0.0, 0.0, 2.0, 1.0, 0.0, 0.0, 0.0, 0.0, 0.0, 0.0, 1.0, 0.0, 0.0, 0.0, 0.0, 2.0, 1.0, 0.0, 0.0, 0.0, -1.3862943611198906, 0.0, 0.0, 0.0]
54:source: FEATURES:2, stream: default, id: {-8781852965495444603=7784006439808045532}, [JXUREGUIVODKA, 2.0, 0.0, 2.0, 0.0, 0.0, 0.0, 0.0, 2.0, 0.0, 0.0, 2.0, 1.0, 0.0, 0.0, 0.0, 0.0, 0.0, 0.0, 1.0, 0.0, 0.0, 0.0, 0.0, 2.0, 1.0, 0.0, 0.0, 0.0, -1.3862943611198906, 0.0, 0.0, 0.0]
55:source: FEATURES:2, stream: default, id: {-4603920478002834768=-8207402079329711245}, [GTO_BossDon, 2.0, 0.0, 2.0, 0.0, 0.0, 0.0, 0.0, 2.0, 0.0, 0.0, 2.0, 1.0, 0.0, 0.0, 0.0, 0.0, 0.0, 0.0, 1.0, 0.0, 0.0, 0.0, 0.0, 2.0, 1.0, 0.0, 0.0, 0.0, -1.3862943611198906, 0.0, 0.0, 0.0]
56:source: FEATURES:2, stream: default, id: {-165732215733527418=8950803280426304445}, [Paynezica, 2.0, 0.0, 0.0, 0.0, 0.0, 2.0, 0.0, 0.0, 0.0, 0.0, 2.0, 1.0, 0.0, 0.0, 0.0, 0.0, 0.0, 0.0, 1.0, 0.0, 0.0, 0.0, 0.0, 2.0, 1.0, 1.0, 0.03333333333333333, 0.0, -1.3862943611198906, 0.0, 0.0, 0.0]
57:source: FEATURES:2, stream: default, id: {-8649646121955949329=-7361001618547658510}, [AbbFaye, 2.0, 2.0, 2.0, 0.0, 2.0, 0.0, 0.0, 0.0, 0.0, 0.0, 0.0, 0.0, 0.0, 0.0, 0.0, 0.0, 0.0, 0.0, 1.0, 0.0, 0.0, 0.0, 0.0, 2.0, 1.0, 1.0, 1.0, 0.0, 0.0, 0.0, 0.0, 0.0]
58:source: FEATURES:2, stream: default, id: {-6988302383784724612=2211551299975048292}, [KellyWestRokChk, 2.0, 2.0, 2.0, 0.0, 0.0, 0.0, 0.0, 0.0, 0.0, 0.0, 0.0, 0.0, 0.0, 0.0, 0.0, 0.0, 0.0, 0.0, 1.0, 0.0, 0.0, 0.0, 0.0, 2.0, 1.0, 1.0, 1.0, 0.0, 0.0, 0.0, 0.0, 0.0]
59:source: FEATURES:2, stream: default, id: {7026774664256404971=-9023326386402487152}, [gperk_22, 2.0, 0.0, 0.0, 0.0, 0.0, 2.0, 0.0, 0.0, 0.0, 0.0, 2.0, 1.0, 0.0, 0.0, 0.0, 0.0, 0.0, 0.0, 1.0, 0.0, 0.0, 0.0, 0.0, 2.0, 1.0, 1.0, 0.03333333333333333, 0.0, -1.3862943611198906, 0.0, 0.0, 0.0]
60:source: FEATURES:2, stream: default, id: {2875765548471668058=-6951682626766230091}, [pieceofdilmer, 2.0, 0.0, 2.0, 0.0, 0.0, 0.0, 0.0, 2.0, 0.0, 0.0, 2.0, 1.0, 0.0, 0.0, 0.0, 0.0, 0.0, 0.0, 1.0, 0.0, 0.0, 0.0, 0.0, 2.0, 1.0, 0.0, 0.0, 0.0, -1.3862943611198906, 0.0, 0.0, 0.0]
61:source: FEATURES:2, stream: default, id: {1284490229775897923=6054483556281931240}, [tianna_michel, 2.0, 0.0, 0.0, 0.0, 0.0, 0.0, 0.0, 2.0, 0.0, 0.0, 2.0, 1.0, 0.0, 0.0, 0.0, 0.0, 0.0, 0.0, 1.0, 0.0, 0.0, 0.0, 0.0, 2.0, 1.0, 0.0, 0.0, 0.0, -1.3862943611198906, 0.0, 0.0, 0.0]
62:source: FEATURES:2, stream: default, id: {7111996581967889445=1804407397765951436}, [rlukesRM10, 2.0, 2.0, 0.0, 0.0, 0.0, 0.0, 0.0, 0.0, 0.0, 0.0, 0.0, 0.0, 0.0, 0.0, 0.0, 0.0, 0.0, 0.0, 1.0, 0.0, 0.0, 0.0, 0.0, 2.0, 1.0, 1.0, 1.0, 0.0, 0.0, 0.0, 0.0, 0.0]
63:source: FEATURES:2, stream: default, id: {8493432377908732966=-9149494195632029871}, [metallica_pb, 2.0, 2.0, 4.0, 0.0, 0.0, 0.0, 0.0, 0.0, 0.0, 0.0, 0.0, 0.0, 0.0, 0.0, 0.0, 0.0, 0.0, 0.0, 1.0, 0.0, 0.0, 0.0, 0.0, 2.0, 1.0, 1.0, 1.0, 0.0, 0.0, 0.0, 0.0, 0.0]
64:source: FEATURES:2, stream: default, id: {-8662949506888311858=4412266412831237664}, [laur_russell, 2.0, 0.0, 0.0, 0.0, 0.0, 0.0, 0.0, 2.0, 0.0, 0.0, 2.0, 1.0, 0.0, 0.0, 0.0, 0.0, 0.0, 0.0, 1.0, 0.0, 0.0, 0.0, 0.0, 2.0, 1.0, 0.0, 0.0, 0.0, -1.3862943611198906, 0.0, 0.0, 0.0]
65:source: FEATURES:2, stream: default, id: {457353874997523038=-6943408811917424216}, [trace_vrana, 2.0, 0.0, 0.0, 0.0, 0.0, 0.0, 0.0, 2.0, 0.0, 0.0, 2.0, 1.0, 0.0, 0.0, 0.0, 0.0, 0.0, 0.0, 1.0, 0.0, 0.0, 0.0, 0.0, 2.0, 1.0, 0.0, 0.0, 0.0, -1.3862943611198906, 0.0, 0.0, 0.0]
66:source: FEATURES:2, stream: default, id: {-5257897232641933491=-929969745896111388}, [veolacurtin67, 2.0, 0.0, 2.0, 0.0, 18.0, 0.0, 0.0, 2.0, 0.0, 0.0, 0.0, 0.0, 0.0, 0.0, 0.0, 0.0, 0.0, 0.0, 1.0, 0.0, 0.0, 0.0, 0.0, 2.0, 1.0, 0.0, 0.0, 0.0, 0.0, 0.0, 0.0, 0.0]
67:source: FEATURES:2, stream: default, id: {-4726642703377739307=-6518749598257702830}, [stilinskitrash, 2.0, 2.0, 2.0, 0.0, 0.0, 0.0, 0.0, 0.0, 0.0, 0.0, 0.0, 0.0, 0.0, 0.0, 0.0, 0.0, 0.0, 0.0, 1.0, 0.0, 0.0, 2.0, 0.0, 0.0, 1.0, 1.0, 1.0, 0.0, 0.0, 0.0, 0.0, 0.0]
68:source: FEATURES:2, stream: default, id: {7364747498184025583=1244471383867522224}, [Jarvis_skl16, 2.0, 2.0, 2.0, 0.0, 6.0, 0.0, 0.0, 0.0, 0.0, 0.0, 0.0, 0.0, 0.0, 0.0, 0.0, 0.0, 0.0, 0.0, 1.0, 0.0, 0.0, 0.0, 0.0, 2.0, 1.0, 1.0, 1.0, 0.0, 0.0, 0.0, 0.0, 0.0]
69:source: FEATURES:2, stream: default, id: {59463692859803307=-5829187451006865024}, [Gagaforever18, 2.0, 2.0, 2.0, 0.0, 12.0, 0.0, 0.0, 0.0, 0.0, 0.0, 0.0, 0.0, 0.0, 0.0, 0.0, 0.0, 0.0, 0.0, 1.0, 0.0, 0.0, 0.0, 0.0, 2.0, 1.0, 1.0, 1.0, 0.0, 0.0, 0.0, 0.0, 0.0]
70:source: FEATURES:2, stream: default, id: {-7330721268635593302=-2787276213967730080}, [brenduuuhlee_, 2.0, 2.0, 0.0, 0.0, 0.0, 0.0, 0.0, 0.0, 0.0, 0.0, 0.0, 0.0, 0.0, 0.0, 0.0, 0.0, 0.0, 0.0, 1.0, 0.0, 0.0, 0.0, 0.0, 2.0, 1.0, 1.0, 1.0, 0.0, 0.0, 0.0, 0.0, 0.0]
71:source: FEATURES:2, stream: default, id: {9039778444205956780=-7494760832099092811}, [AcaciaParkApts, 2.0, 2.0, 2.0, 0.0, 0.0, 0.0, 0.0, 0.0, 0.0, 0.0, 0.0, 0.0, 0.0, 0.0, 0.0, 0.0, 0.0, 0.0, 1.0, 0.0, 0.0, 0.0, 0.0, 2.0, 1.0, 1.0, 1.0, 0.0, 0.0, 0.0, 0.0, 0.0]
72:source: FEATURES:2, stream: default, id: {8511559908951855207=-5843500832734414532}, [angelicaasmith, 2.0, 0.0, 0.0, 0.0, 0.0, 2.0, 0.0, 0.0, 0.0, 0.0, 2.0, 1.0, 0.0, 0.0, 0.0, 0.0, 0.0, 0.0, 1.0, 0.0, 0.0, 2.0, 0.0, 0.0, 1.0, 1.0, 0.03333333333333333, 0.0, -1.3862943611198906, 0.0, 0.0, 0.0]
73:source: FEATURES:2, stream: default, id: {3399229080743554714=-5021206917959736956}, [Esmeral86976212, 2.0, 2.0, 0.0, 0.0, 0.0, 0.0, 0.0, 0.0, 0.0, 0.0, 0.0, 0.0, 0.0, 0.0, 0.0, 0.0, 0.0, 0.0, 1.0, 0.0, 0.0, 0.0, 0.0, 2.0, 1.0, 1.0, 1.0, 0.0, 0.0, 0.0, 0.0, 0.0]
74:source: FEATURES:2, stream: default, id: {3729058121117290848=847334992098689369}, [kwl3x, 2.0, 2.0, 0.0, 0.0, 0.0, 0.0, 0.0, 0.0, 0.0, 0.0, 0.0, 0.0, 0.0, 0.0, 0.0, 0.0, 0.0, 0.0, 1.0, 0.0, 0.0, 0.0, 0.0, 2.0, 1.0, 1.0, 1.0, 0.0, 0.0, 0.0, 0.0, 0.0]
75:source: FEATURES:2, stream: default, id: {1450937849913066953=-2051365016124766050}, [dmk1207, 2.0, 2.0, 2.0, 0.0, 2.0, 0.0, 0.0, 0.0, 0.0, 0.0, 0.0, 0.0, 0.0, 0.0, 0.0, 0.0, 0.0, 0.0, 1.0, 0.0, 0.0, 0.0, 0.0, 2.0, 1.0, 1.0, 1.0, 0.0, 0.0, 0.0, 0.0, 0.0]
76:source: FEATURES:2, stream: default, id: {6989056419468420006=-4077963340159583170}, [bocascar, 2.0, 0.0, 2.0, 0.0, 0.0, 0.0, 0.0, 2.0, 0.0, 0.0, 2.0, 1.0, 0.0, 0.0, 0.0, 0.0, 0.0, 0.0, 1.0, 0.0, 0.0, 0.0, 0.0, 2.0, 1.0, 0.0, 0.0, 0.0, -1.3862943611198906, 0.0, 0.0, 0.0]
77:source: FEATURES:2, stream: default, id: {-2462662525847819101=-6255309383210913524}, [maria_goddard14, 2.0, 2.0, 0.0, 0.0, 0.0, 0.0, 0.0, 0.0, 0.0, 0.0, 0.0, 0.0, 0.0, 0.0, 0.0, 0.0, 0.0, 0.0, 1.0, 0.0, 0.0, 0.0, 0.0, 2.0, 1.0, 1.0, 1.0, 0.0, 0.0, 0.0, 0.0, 0.0]
78:source: FEATURES:2, stream: default, id: {-2235200098161915749=5178012793128886729}, [FurieDeriq59, 2.0, 2.0, 0.0, 0.0, 0.0, 0.0, 0.0, 0.0, 0.0, 0.0, 0.0, 0.0, 0.0, 0.0, 0.0, 0.0, 0.0, 0.0, 1.0, 0.0, 0.0, 0.0, 0.0, 2.0, 1.0, 1.0, 1.0, 0.0, 0.0, 0.0, 0.0, 0.0]
79:source: FEATURES:2, stream: default, id: {2481987377067881255=-8165677212321091656}, [YamagataKelly, 2.0, 2.0, 0.0, 0.0, 4.0, 0.0, 0.0, 0.0, 0.0, 0.0, 2.0, 1.0, 0.0, 0.0, 0.0, 0.0, 0.0, 0.0, 1.0, 0.0, 0.0, 0.0, 0.0, 2.0, 1.0, 1.0, 1.0, 0.0, -1.3862943611198906, 0.0, 0.0, 0.0]
80:source: FEATURES:2, stream: default, id: {-5973578355024351624=2434653966960308051}, [f4ndom_s, 2.0, 0.0, 2.0, 0.0, 2.0, 0.0, 0.0, 2.0, 0.0, 0.0, 6.0, 3.0, 0.0, 0.0, 0.0, 0.0, 0.0, 0.0, 1.0, 0.0, 0.0, 0.0, 0.0, 2.0, 1.0, 0.0, 0.0, 0.0, -8.317766166719343, 0.0, 0.0, 0.0]
81:source: FEATURES:2, stream: default, id: {-7593756410938929306=-305931397251391695}, [howellgrimes, 2.0, 0.0, 0.0, 0.0, 0.0, 0.0, 0.0, 2.0, 0.0, 0.0, 2.0, 1.0, 0.0, 0.0, 0.0, 0.0, 0.0, 0.0, 1.0, 0.0, 0.0, 0.0, 0.0, 2.0, 1.0, 0.0, 0.0, 0.0, -1.3862943611198906, 0.0, 0.0, 0.0]
82:source: FEATURES:2, stream: default, id: {763761559346362056=-7888386930845377262}, [ManuMattoso2, 2.0, 0.0, 0.0, 0.0, 0.0, 0.0, 0.0, 2.0, 0.0, 0.0, 2.0, 1.0, 0.0, 0.0, 0.0, 0.0, 0.0, 0.0, 1.0, 0.0, 0.0, 0.0, 0.0, 2.0, 1.0, 0.0, 0.0, 0.0, -1.3862943611198906, 0.0, 0.0, 0.0]
83:source: FEATURES:2, stream: default, id: {-820208269494694906=-8336108178418913874}, [LoveBeerFest, 2.0, 0.0, 2.0, 0.0, 6.0, 2.0, 0.0, 2.0, 0.0, 0.0, 4.0, 2.0, 0.0, 0.0, 0.0, 0.0, 0.0, 0.0, 1.0, 0.0, 0.0, 0.0, 0.0, 2.0, 2.0, 0.0, 0.03333333333333333, 0.0, -4.394449154672439, 0.0, 0.0, 0.0]
84:source: FEATURES:2, stream: default, id: {-6035786864149476117=5171008922589709759}, [NounouBenattia, 2.0, 0.0, 0.0, 0.0, 0.0, 0.0, 0.0, 2.0, 0.0, 0.0, 2.0, 1.0, 0.0, 0.0, 0.0, 0.0, 0.0, 0.0, 1.0, 0.0, 0.0, 0.0, 0.0, 2.0, 1.0, 0.0, 0.0, 0.0, -1.3862943611198906, 0.0, 0.0, 0.0]
85:source: FEATURES:2, stream: default, id: {-2542183118608152897=5268263883457169235}, [faithinnyc, 2.0, 0.0, 4.0, 0.0, 0.0, 0.0, 0.0, 2.0, 0.0, 0.0, 2.0, 1.0, 0.0, 0.0, 0.0, 0.0, 0.0, 0.0, 1.0, 0.0, 0.0, 0.0, 0.0, 2.0, 1.0, 0.0, 0.0, 0.0, -1.3862943611198906, 0.0, 0.0, 0.0]
86:source: FEATURES:2, stream: default, id: {2906754992309550816=4555510865341998200}, [whimsicalsbypam, 2.0, 2.0, 0.0, 0.0, 0.0, 0.0, 0.0, 0.0, 0.0, 0.0, 0.0, 0.0, 0.0, 0.0, 0.0, 0.0, 0.0, 0.0, 1.0, 0.0, 0.0, 0.0, 0.0, 2.0, 1.0, 1.0, 1.0, 0.0, 0.0, 0.0, 0.0, 0.0]
87:source: FEATURES:2, stream: default, id: {-4037361369875957684=8689707520982950067}, [JuniorTnns, 2.0, 0.0, 2.0, 0.0, 2.0, 0.0, 0.0, 2.0, 0.0, 0.0, 2.0, 1.0, 0.0, 0.0, 0.0, 0.0, 0.0, 0.0, 1.0, 0.0, 0.0, 2.0, 0.0, 0.0, 1.0, 0.0, 0.0, 0.0, -1.3862943611198906, 0.0, 0.0, 0.0]
88:source: FEATURES:2, stream: default, id: {115172823447407764=-8693745402776744729}, [bjwanlund, 2.0, 0.0, 2.0, 0.0, 0.0, 0.0, 0.0, 2.0, 0.0, 0.0, 4.0, 2.0, 0.0, 0.0, 0.0, 0.0, 0.0, 0.0, 1.0, 0.0, 0.0, 2.0, 0.0, 0.0, 1.0, 0.0, 0.0, 0.0, -4.394449154672439, 0.0, 0.0, 0.0]
89:source: FEATURES:2, stream: default, id: {-2303672186216582198=-2615481189888907883}, [tudodemilovato, 10.0, 0.0, 12.0, 77.77777777777777, 8.0, 0.0, 0.0, 10.0, 0.0, 0.0, 16.0, 4.0, 2.0, 1.0, 0.0, 0.0, 0.0, 0.0, 1.0, 0.0, 0.0, 10.0, 0.0, 0.0, 1.0, 0.0, 0.0, 0.0, -24.364712237825714, 0.0, 0.0, 0.0]
90:source: FEATURES:2, stream: default, id: {-6571944853644929241=2313577235322339746}, [theactivetimes, 2.0, 2.0, 4.0, 0.0, 0.0, 0.0, 0.0, 0.0, 0.0, 0.0, 0.0, 0.0, 0.0, 0.0, 0.0, 0.0, 0.0, 0.0, 1.0, 0.0, 0.0, 0.0, 0.0, 2.0, 1.0, 1.0, 1.0, 0.0, 0.0, 0.0, 0.0, 0.0]
91:source: FEATURES:2, stream: default, id: {4201412098685393918=-3034893228890796037}, [dahne_darko, 2.0, 2.0, 0.0, 0.0, 0.0, 0.0, 0.0, 0.0, 0.0, 0.0, 0.0, 0.0, 0.0, 0.0, 0.0, 0.0, 0.0, 0.0, 1.0, 0.0, 0.0, 0.0, 0.0, 2.0, 1.0, 1.0, 1.0, 0.0, 0.0, 0.0, 0.0, 0.0]
92:source: FEATURES:2, stream: default, id: {-7120833175387353782=-6068623088928027436}, [J3ssicaDavis, 2.0, 2.0, 0.0, 0.0, 0.0, 0.0, 0.0, 0.0, 0.0, 0.0, 0.0, 0.0, 0.0, 0.0, 0.0, 0.0, 0.0, 0.0, 1.0, 0.0, 0.0, 0.0, 0.0, 2.0, 1.0, 1.0, 1.0, 0.0, 0.0, 0.0, 0.0, 0.0]
93:source: FEATURES:2, stream: default, id: {-6408932531117884738=-8746957003236562081}, [flowersplants, 2.0, 2.0, 2.0, 0.0, 0.0, 0.0, 0.0, 0.0, 0.0, 0.0, 0.0, 0.0, 0.0, 0.0, 0.0, 0.0, 0.0, 0.0, 1.0, 0.0, 0.0, 0.0, 0.0, 2.0, 1.0, 1.0, 1.0, 0.0, 0.0, 0.0, 0.0, 0.0]
94:source: FEATURES:2, stream: default, id: {-3826627229709287443=-9038116127427051747}, [swiftsbeckett, 2.0, 0.0, 0.0, 0.0, 0.0, 0.0, 0.0, 2.0, 0.0, 0.0, 2.0, 1.0, 0.0, 0.0, 0.0, 0.0, 0.0, 0.0, 1.0, 0.0, 0.0, 0.0, 0.0, 2.0, 1.0, 0.0, 0.0, 0.0, -1.3862943611198906, 0.0, 0.0, 0.0]
95:source: FEATURES:2, stream: default, id: {-6745789804373352709=-6409781799429781441}, [x_kirstentaylor, 2.0, 0.0, 0.0, 0.0, 0.0, 2.0, 0.0, 0.0, 0.0, 0.0, 2.0, 1.0, 0.0, 0.0, 0.0, 0.0, 0.0, 0.0, 1.0, 0.0, 0.0, 2.0, 0.0, 0.0, 1.0, 1.0, 0.03333333333333333, 0.0, -1.3862943611198906, 0.0, 0.0, 0.0]
96:source: FEATURES:2, stream: default, id: {1274758123539806438=-4927422549602355017}, [_Judith17_, 2.0, 0.0, 0.0, 0.0, 0.0, 0.0, 0.0, 2.0, 0.0, 0.0, 2.0, 1.0, 0.0, 0.0, 0.0, 0.0, 0.0, 0.0, 1.0, 0.0, 0.0, 2.0, 0.0, 0.0, 1.0, 0.0, 0.0, 0.0, -1.3862943611198906, 0.0, 0.0, 0.0]
97:source: FEATURES:2, stream: default, id: {6160037290195831745=-3682964627844455460}, [headlines24, 2.0, 2.0, 0.0, 0.0, 0.0, 0.0, 0.0, 0.0, 0.0, 0.0, 0.0, 0.0, 0.0, 0.0, 0.0, 0.0, 0.0, 0.0, 1.0, 0.0, 0.0, 2.0, 0.0, 0.0, 1.0, 1.0, 1.0, 0.0, 0.0, 0.0, 0.0, 0.0]
98:source: FEATURES:2, stream: default, id: {8631765031718859689=-388019627897397031}, [CvmVandam, 2.0, 0.0, 0.0, 0.0, 0.0, 2.0, 0.0, 0.0, 0.0, 0.0, 2.0, 1.0, 0.0, 0.0, 0.0, 0.0, 0.0, 0.0, 1.0, 0.0, 0.0, 2.0, 0.0, 0.0, 1.0, 1.0, 0.03333333333333333, 0.0, -1.3862943611198906, 0.0, 0.0, 0.0]
99:source: FEATURES:2, stream: default, id: {8849739614415914304=-3045511847009433539}, [BirdyNigel, 2.0, 0.0, 0.0, 0.0, 0.0, 2.0, 0.0, 0.0, 0.0, 0.0, 6.0, 3.0, 0.0, 0.0, 0.0, 0.0, 0.0, 0.0, 1.0, 0.0, 0.0, 2.0, 0.0, 0.0, 1.0, 1.0, 0.03333333333333333, 0.0, -8.317766166719343, 0.0, 0.0, 0.0]
100:source: FEATURES:2, stream: default, id: {8554773044807567393=2108759315504541535}, [freedream2003, 2.0, 0.0, 2.0, 0.0, 2.0, 0.0, 0.0, 2.0, 0.0, 0.0, 2.0, 1.0, 0.0, 0.0, 0.0, 0.0, 0.0, 0.0, 1.0, 0.0, 0.0, 0.0, 0.0, 2.0, 1.0, 0.0, 0.0, 0.0, -1.3862943611198906, 0.0, 0.0, 0.0]
101:source: FEATURES:2, stream: default, id: {-703195025138226494=-2801774836012750726}, [_lexyyyy_, 2.0, 2.0, 0.0, 0.0, 0.0, 0.0, 0.0, 0.0, 0.0, 0.0, 0.0, 0.0, 0.0, 0.0, 0.0, 0.0, 0.0, 0.0, 1.0, 0.0, 0.0, 2.0, 0.0, 0.0, 1.0, 1.0, 1.0, 0.0, 0.0, 0.0, 0.0, 0.0]
102:source: FEATURES:2, stream: default, id: {-4395669337775404406=500840858442853546}, [Hugo_Strange, 2.0, 2.0, 2.0, 0.0, 6.0, 0.0, 0.0, 0.0, 0.0, 0.0, 6.0, 3.0, 0.0, 0.0, 0.0, 0.0, 0.0, 0.0, 1.0, 0.0, 0.0, 2.0, 0.0, 0.0, 1.0, 1.0, 1.0, 0.0, -8.317766166719343, 0.0, 0.0, 0.0]
103:source: FEATURES:2, stream: default, id: {12633130202503413=5510947822967651638}, [alannaluzz, 2.0, 2.0, 2.0, 0.0, 14.0, 0.0, 0.0, 0.0, 0.0, 0.0, 0.0, 0.0, 0.0, 0.0, 0.0, 0.0, 0.0, 0.0, 1.0, 0.0, 0.0, 2.0, 0.0, 0.0, 1.0, 1.0, 1.0, 0.0, 0.0, 0.0, 0.0, 0.0]
104:source: FEATURES:2, stream: default, id: {7935197981688468217=-4736712235944965180}, [eMazingHighPark, 2.0, 0.0, 4.0, 0.0, 4.0, 0.0, 0.0, 2.0, 0.0, 0.0, 2.0, 1.0, 0.0, 0.0, 0.0, 0.0, 0.0, 0.0, 1.0, 0.0, 0.0, 0.0, 0.0, 2.0, 1.0, 0.0, 0.0, 0.0, -1.3862943611198906, 0.0, 0.0, 0.0]
105:source: FEATURES:2, stream: default, id: {399536345896232339=-8019920443553962644}, [irwan_SCP, 2.0, 2.0, 0.0, 0.0, 0.0, 0.0, 0.0, 0.0, 0.0, 0.0, 2.0, 1.0, 0.0, 0.0, 0.0, 0.0, 0.0, 0.0, 1.0, 0.0, 0.0, 2.0, 0.0, 0.0, 1.0, 1.0, 1.0, 0.0, -1.3862943611198906, 0.0, 0.0, 0.0]
106:source: FEATURES:2, stream: default, id: {7625230062248222938=5101878531732800200}, [arii_brianne, 2.0, 0.0, 0.0, 0.0, 0.0, 0.0, 0.0, 2.0, 0.0, 0.0, 2.0, 1.0, 0.0, 0.0, 0.0, 0.0, 0.0, 0.0, 1.0, 0.0, 0.0, 0.0, 0.0, 2.0, 1.0, 0.0, 0.0, 0.0, -1.3862943611198906, 0.0, 0.0, 0.0]
107:source: FEATURES:2, stream: default, id: {-6661921901182286460=988815302191239023}, [JessFrancis, 2.0, 2.0, 0.0, 0.0, 0.0, 0.0, 0.0, 0.0, 0.0, 0.0, 0.0, 0.0, 0.0, 0.0, 0.0, 0.0, 0.0, 0.0, 1.0, 0.0, 0.0, 2.0, 0.0, 0.0, 1.0, 1.0, 1.0, 0.0, 0.0, 0.0, 0.0, 0.0]
108:source: FEATURES:2, stream: default, id: {-7186218813816790262=4400235806120723840}, [essenceofmind, 2.0, 2.0, 2.0, 0.0, 6.0, 0.0, 0.0, 0.0, 0.0, 0.0, 0.0, 0.0, 0.0, 0.0, 0.0, 0.0, 0.0, 0.0, 1.0, 0.0, 0.0, 2.0, 0.0, 0.0, 1.0, 1.0, 1.0, 0.0, 0.0, 0.0, 0.0, 0.0]
